IEA-15-240-RWT_AF13_Coords
       202   NumCoords         ! Number of coordinates including the reference point.
! x-y coordinate of airfoil reference
0.25        0
! coordinates of airfoil shape
-15.00000000  -240.00000000
 1.00000000   0.01277000
 0.97728000   0.01897000
 0.95455000   0.02511000
 0.93182000   0.03120000
 0.90916000   0.03720000
 0.88660000   0.04325000
 0.86414000   0.04932000
 0.84182000   0.05538000
 0.81963000   0.06142000
 0.79760000   0.06743000
 0.77574000   0.07338000
 0.75406000   0.07927000
 0.73258000   0.08509000
 0.71132000   0.09081000
 0.69028000   0.09642000
 0.66948000   0.10192000
 0.64893000   0.10731000
 0.62864000   0.11255000
 0.60862000   0.11764000
 0.58887000   0.12257000
 0.56941000   0.12731000
 0.55025000   0.13187000
 0.53138000   0.13624000
 0.51282000   0.14039000
 0.49463000   0.14431000
 0.47681000   0.14800000
 0.45931000   0.15144000
 0.44213000   0.15463000
 0.42529000   0.15757000
 0.40877000   0.16022000
 0.39259000   0.16262000
 0.37675000   0.16473000
 0.36126000   0.16658000
 0.34611000   0.16814000
 0.33130000   0.16942000
 0.31685000   0.17044000
 0.30275000   0.17147000
 0.28901000   0.17221000
 0.27562000   0.17262000
 0.26260000   0.17270000
 0.24994000   0.17245000
 0.23765000   0.17187000
 0.22573000   0.17095000
 0.21418000   0.16971000
 0.20301000   0.16818000
 0.19221000   0.16643000
 0.18180000   0.16447000
 0.17175000   0.16214000
 0.16209000   0.15960000
 0.15279000   0.15689000
 0.14386000   0.15401000
 0.13530000   0.15098000
 0.12710000   0.14780000
 0.11926000   0.14448000
 0.11177000   0.14106000
 0.10463000   0.13754000
 0.09783000   0.13394000
 0.09137000   0.13025000
 0.08523000   0.12650000
 0.07940000   0.12271000
 0.07388000   0.11889000
 0.06866000   0.11504000
 0.06371000   0.11118000
 0.05904000   0.10732000
 0.05462000   0.10347000
 0.05046000   0.09963000
 0.04655000   0.09582000
 0.04286000   0.09203000
 0.03940000   0.08828000
 0.03616000   0.08456000
 0.03312000   0.08090000
 0.03025000   0.07728000
 0.02755000   0.07372000
 0.02503000   0.07022000
 0.02266000   0.06677000
 0.02044000   0.06339000
 0.01839000   0.06006000
 0.01652000   0.05679000
 0.01481000   0.05358000
 0.01324000   0.05043000
 0.01182000   0.04734000
 0.01053000   0.04432000
 0.00936000   0.04137000
 0.00828000   0.03849000
 0.00728000   0.03568000
 0.00637000   0.03295000
 0.00551000   0.03028000
 0.00469000   0.02770000
 0.00394000   0.02518000
 0.00327000   0.02273000
 0.00268000   0.02034000
 0.00218000   0.01801000
 0.00176000   0.01574000
 0.00140000   0.01354000
 0.00109000   0.01141000
 0.00082000   0.00935000
 0.00058000   0.00735000
 0.00037000   0.00542000
 0.00021000   0.00355000
 0.00008000   0.00174000
 0.00000000   0.00000000
 0.00009000  -0.00176000
 0.00022000  -0.00357000
 0.00037000  -0.00544000
 0.00058000  -0.00738000
 0.00081000  -0.00938000
 0.00107000  -0.01145000
 0.00138000  -0.01358000
 0.00177000  -0.01578000
 0.00223000  -0.01805000
 0.00277000  -0.02037000
 0.00338000  -0.02276000
 0.00408000  -0.02522000
 0.00486000  -0.02773000
 0.00572000  -0.03032000
 0.00665000  -0.03298000
 0.00764000  -0.03571000
 0.00872000  -0.03851000
 0.00991000  -0.04138000
 0.01121000  -0.04431000
 0.01264000  -0.04731000
 0.01422000  -0.05037000
 0.01595000  -0.05349000
 0.01783000  -0.05667000
 0.01986000  -0.05991000
 0.02206000  -0.06321000
 0.02442000  -0.06656000
 0.02695000  -0.06998000
 0.02964000  -0.07345000
 0.03251000  -0.07698000
 0.03557000  -0.08056000
 0.03882000  -0.08418000
 0.04229000  -0.08785000
 0.04599000  -0.09154000
 0.04994000  -0.09526000
 0.05414000  -0.09900000
 0.05861000  -0.10274000
 0.06334000  -0.10649000
 0.06836000  -0.11023000
 0.07365000  -0.11397000
 0.07923000  -0.11769000
 0.08511000  -0.12137000
 0.09130000  -0.12502000
 0.09781000  -0.12861000
 0.10464000  -0.13214000
 0.11181000  -0.13558000
 0.11932000  -0.13893000
 0.12718000  -0.14218000
 0.13539000  -0.14530000
 0.14395000  -0.14831000
 0.15286000  -0.15118000
 0.16213000  -0.15391000
 0.17176000  -0.15649000
 0.18175000  -0.15889000
 0.19212000  -0.16111000
 0.20285000  -0.16312000
 0.21396000  -0.16465000
 0.22545000  -0.16600000
 0.23730000  -0.16707000
 0.24954000  -0.16778000
 0.26215000  -0.16809000
 0.27513000  -0.16797000
 0.28849000  -0.16764000
 0.30222000  -0.16728000
 0.31631000  -0.16658000
 0.33076000  -0.16549000
 0.34557000  -0.16406000
 0.36072000  -0.16224000
 0.37621000  -0.16001000
 0.39203000  -0.15737000
 0.40817000  -0.15430000
 0.42461000  -0.15079000
 0.44136000  -0.14684000
 0.45838000  -0.14242000
 0.47567000  -0.13752000
 0.49322000  -0.13215000
 0.51102000  -0.12637000
 0.52908000  -0.12018000
 0.54739000  -0.11361000
 0.56602000  -0.10670000
 0.58494000  -0.09946000
 0.60409000  -0.09193000
 0.62349000  -0.08417000
 0.64314000  -0.07622000
 0.66305000  -0.06815000
 0.68324000  -0.06006000
 0.70374000  -0.05203000
 0.72455000  -0.04418000
 0.74573000  -0.03664000
 0.76729000  -0.02954000
 0.78924000  -0.02302000
 0.81160000  -0.01721000
 0.83433000  -0.01221000
 0.85742000  -0.00818000
 0.88084000  -0.00534000
 0.90453000  -0.00397000
 0.92838000  -0.00383000
 0.95228000  -0.00383000
 0.97618000  -0.00385000
 1.00000000  -0.00391000
