IEA-15-240-RWT_AF35_Coords
       202   NumCoords         ! Number of coordinates including the reference point.
! x-y coordinate of airfoil reference
0.25        0
! coordinates of airfoil shape
-15.00000000  -240.00000000
 1.00000000   0.00196000
 0.97615000   0.00633000
 0.95233000   0.01082000
 0.92858000   0.01539000
 0.90492000   0.02010000
 0.88137000   0.02482000
 0.85795000   0.02962000
 0.83469000   0.03447000
 0.81161000   0.03935000
 0.78873000   0.04427000
 0.76606000   0.04920000
 0.74362000   0.05411000
 0.72143000   0.05901000
 0.69949000   0.06383000
 0.67783000   0.06857000
 0.65646000   0.07320000
 0.63538000   0.07769000
 0.61462000   0.08206000
 0.59417000   0.08622000
 0.57405000   0.09019000
 0.55426000   0.09395000
 0.53483000   0.09750000
 0.51574000   0.10083000
 0.49702000   0.10390000
 0.47868000   0.10678000
 0.46071000   0.10943000
 0.44313000   0.11178000
 0.42593000   0.11391000
 0.40912000   0.11572000
 0.39270000   0.11731000
 0.37669000   0.11863000
 0.36108000   0.11967000
 0.34587000   0.12036000
 0.33106000   0.12077000
 0.31667000   0.12089000
 0.30268000   0.12075000
 0.28910000   0.12039000
 0.27593000   0.11973000
 0.26317000   0.11887000
 0.25081000   0.11782000
 0.23887000   0.11657000
 0.22732000   0.11511000
 0.21617000   0.11346000
 0.20541000   0.11170000
 0.19504000   0.10982000
 0.18505000   0.10781000
 0.17543000   0.10569000
 0.16619000   0.10348000
 0.15729000   0.10124000
 0.14875000   0.09889000
 0.14056000   0.09655000
 0.13270000   0.09422000
 0.12516000   0.09185000
 0.11794000   0.08944000
 0.11103000   0.08701000
 0.10442000   0.08456000
 0.09810000   0.08211000
 0.09206000   0.07966000
 0.08630000   0.07721000
 0.08080000   0.07477000
 0.07555000   0.07233000
 0.07056000   0.06991000
 0.06580000   0.06750000
 0.06128000   0.06511000
 0.05697000   0.06275000
 0.05289000   0.06041000
 0.04901000   0.05810000
 0.04533000   0.05582000
 0.04185000   0.05356000
 0.03856000   0.05134000
 0.03544000   0.04914000
 0.03250000   0.04698000
 0.02973000   0.04486000
 0.02712000   0.04277000
 0.02467000   0.04071000
 0.02236000   0.03869000
 0.02021000   0.03670000
 0.01820000   0.03475000
 0.01631000   0.03283000
 0.01456000   0.03096000
 0.01293000   0.02911000
 0.01143000   0.02730000
 0.01003000   0.02553000
 0.00873000   0.02380000
 0.00755000   0.02210000
 0.00650000   0.02042000
 0.00553000   0.01879000
 0.00464000   0.01722000
 0.00383000   0.01568000
 0.00314000   0.01417000
 0.00255000   0.01268000
 0.00205000   0.01121000
 0.00165000   0.00979000
 0.00137000   0.00838000
 0.00115000   0.00702000
 0.00096000   0.00572000
 0.00078000   0.00447000
 0.00060000   0.00328000
 0.00041000   0.00213000
 0.00022000   0.00104000
 0.00000000   0.00000000
 0.00023000  -0.00104000
 0.00045000  -0.00212000
 0.00066000  -0.00326000
 0.00089000  -0.00445000
 0.00112000  -0.00569000
 0.00136000  -0.00698000
 0.00168000  -0.00832000
 0.00211000  -0.00968000
 0.00266000  -0.01104000
 0.00335000  -0.01240000
 0.00417000  -0.01376000
 0.00515000  -0.01508000
 0.00627000  -0.01638000
 0.00749000  -0.01770000
 0.00875000  -0.01908000
 0.01010000  -0.02049000
 0.01158000  -0.02189000
 0.01318000  -0.02329000
 0.01490000  -0.02473000
 0.01672000  -0.02619000
 0.01867000  -0.02767000
 0.02076000  -0.02917000
 0.02297000  -0.03069000
 0.02530000  -0.03224000
 0.02778000  -0.03380000
 0.03040000  -0.03540000
 0.03316000  -0.03701000
 0.03608000  -0.03865000
 0.03915000  -0.04031000
 0.04239000  -0.04200000
 0.04580000  -0.04371000
 0.04938000  -0.04545000
 0.05315000  -0.04720000
 0.05710000  -0.04898000
 0.06126000  -0.05078000
 0.06561000  -0.05261000
 0.07018000  -0.05445000
 0.07497000  -0.05632000
 0.07998000  -0.05825000
 0.08523000  -0.06027000
 0.09073000  -0.06231000
 0.09648000  -0.06436000
 0.10250000  -0.06643000
 0.10878000  -0.06851000
 0.11535000  -0.07059000
 0.12221000  -0.07267000
 0.12936000  -0.07475000
 0.13683000  -0.07681000
 0.14462000  -0.07885000
 0.15273000  -0.08087000
 0.16118000  -0.08286000
 0.16997000  -0.08479000
 0.17912000  -0.08668000
 0.18863000  -0.08849000
 0.19851000  -0.09022000
 0.20877000  -0.09186000
 0.21942000  -0.09339000
 0.23045000  -0.09481000
 0.24188000  -0.09610000
 0.25371000  -0.09724000
 0.26595000  -0.09822000
 0.27860000  -0.09902000
 0.29165000  -0.09962000
 0.30512000  -0.09996000
 0.31901000  -0.10012000
 0.33330000  -0.09998000
 0.34800000  -0.09953000
 0.36310000  -0.09879000
 0.37859000  -0.09770000
 0.39448000  -0.09626000
 0.41074000  -0.09423000
 0.42738000  -0.09178000
 0.44436000  -0.08887000
 0.46170000  -0.08552000
 0.47936000  -0.08170000
 0.49734000  -0.07744000
 0.51564000  -0.07276000
 0.53427000  -0.06775000
 0.55321000  -0.06242000
 0.57248000  -0.05683000
 0.59206000  -0.05102000
 0.61199000  -0.04507000
 0.63226000  -0.03906000
 0.65290000  -0.03307000
 0.67390000  -0.02720000
 0.69529000  -0.02153000
 0.71706000  -0.01618000
 0.73922000  -0.01120000
 0.76175000  -0.00669000
 0.78464000  -0.00274000
 0.80787000   0.00053000
 0.83138000   0.00312000
 0.85515000   0.00493000
 0.87910000   0.00589000
 0.90321000   0.00599000
 0.92740000   0.00523000
 0.95161000   0.00382000
 0.97583000   0.00167000
 1.00000000  -0.00116000
