IEA-15-240-RWT_AF17_Coords
       202   NumCoords         ! Number of coordinates including the reference point.
! x-y coordinate of airfoil reference
0.25        0
! coordinates of airfoil shape
-15.00000000  -240.00000000
 1.00000000   0.01138000
 0.98221000   0.01592000
 0.96441000   0.02045000
 0.94663000   0.02495000
 0.92887000   0.02942000
 0.91116000   0.03394000
 0.89351000   0.03850000
 0.87592000   0.04309000
 0.85839000   0.04768000
 0.84093000   0.05227000
 0.82356000   0.05686000
 0.80627000   0.06143000
 0.78907000   0.06596000
 0.77197000   0.07046000
 0.75497000   0.07492000
 0.73808000   0.07932000
 0.72130000   0.08367000
 0.70464000   0.08796000
 0.68810000   0.09216000
 0.67169000   0.09629000
 0.65541000   0.10034000
 0.63928000   0.10431000
 0.62329000   0.10818000
 0.60744000   0.11196000
 0.59175000   0.11563000
 0.57622000   0.11921000
 0.56084000   0.12267000
 0.54563000   0.12602000
 0.53059000   0.12925000
 0.51572000   0.13237000
 0.50102000   0.13535000
 0.48650000   0.13820000
 0.47216000   0.14092000
 0.45800000   0.14350000
 0.44402000   0.14594000
 0.43023000   0.14820000
 0.41662000   0.14991000
 0.40320000   0.15150000
 0.38998000   0.15296000
 0.37694000   0.15434000
 0.36410000   0.15563000
 0.35146000   0.15685000
 0.33901000   0.15801000
 0.32677000   0.15914000
 0.31473000   0.16026000
 0.30289000   0.16138000
 0.29126000   0.16223000
 0.27984000   0.16240000
 0.26863000   0.16243000
 0.25762000   0.16227000
 0.24683000   0.16194000
 0.23626000   0.16141000
 0.22590000   0.16070000
 0.21576000   0.15981000
 0.20584000   0.15873000
 0.19615000   0.15747000
 0.18668000   0.15602000
 0.17744000   0.15438000
 0.16843000   0.15256000
 0.15965000   0.15056000
 0.15111000   0.14839000
 0.14281000   0.14604000
 0.13475000   0.14353000
 0.12693000   0.14087000
 0.11936000   0.13805000
 0.11202000   0.13510000
 0.10494000   0.13201000
 0.09810000   0.12879000
 0.09151000   0.12544000
 0.08517000   0.12197000
 0.07908000   0.11840000
 0.07324000   0.11473000
 0.06765000   0.11097000
 0.06230000   0.10712000
 0.05720000   0.10319000
 0.05235000   0.09920000
 0.04774000   0.09516000
 0.04337000   0.09106000
 0.03923000   0.08693000
 0.03533000   0.08277000
 0.03166000   0.07858000
 0.02821000   0.07438000
 0.02499000   0.07016000
 0.02199000   0.06595000
 0.01921000   0.06174000
 0.01663000   0.05754000
 0.01425000   0.05337000
 0.01206000   0.04923000
 0.01008000   0.04512000
 0.00829000   0.04105000
 0.00675000   0.03699000
 0.00541000   0.03298000
 0.00430000   0.02901000
 0.00336000   0.02510000
 0.00256000   0.02127000
 0.00187000   0.01752000
 0.00126000   0.01386000
 0.00071000   0.01027000
 0.00037000   0.00677000
 0.00011000   0.00334000
 0.00000000   0.00000000
 0.00012000  -0.00335000
 0.00036000  -0.00678000
 0.00071000  -0.01029000
 0.00127000  -0.01388000
 0.00190000  -0.01755000
 0.00264000  -0.02130000
 0.00353000  -0.02512000
 0.00462000  -0.02901000
 0.00590000  -0.03295000
 0.00739000  -0.03693000
 0.00909000  -0.04094000
 0.01103000  -0.04498000
 0.01316000  -0.04905000
 0.01551000  -0.05314000
 0.01805000  -0.05726000
 0.02079000  -0.06139000
 0.02376000  -0.06554000
 0.02694000  -0.06967000
 0.03036000  -0.07379000
 0.03401000  -0.07789000
 0.03790000  -0.08197000
 0.04201000  -0.08601000
 0.04637000  -0.09002000
 0.05095000  -0.09398000
 0.05577000  -0.09790000
 0.06083000  -0.10177000
 0.06612000  -0.10558000
 0.07166000  -0.10931000
 0.07744000  -0.11297000
 0.08347000  -0.11654000
 0.08974000  -0.12002000
 0.09626000  -0.12340000
 0.10302000  -0.12669000
 0.11001000  -0.12987000
 0.11726000  -0.13294000
 0.12474000  -0.13590000
 0.13246000  -0.13875000
 0.14043000  -0.14146000
 0.14864000  -0.14404000
 0.15709000  -0.14648000
 0.16578000  -0.14877000
 0.17472000  -0.15091000
 0.18389000  -0.15290000
 0.19330000  -0.15472000
 0.20294000  -0.15637000
 0.21283000  -0.15784000
 0.22295000  -0.15913000
 0.23330000  -0.16021000
 0.24388000  -0.16110000
 0.25470000  -0.16178000
 0.26573000  -0.16223000
 0.27699000  -0.16246000
 0.28848000  -0.16252000
 0.30017000  -0.16236000
 0.31208000  -0.16192000
 0.32419000  -0.16048000
 0.33651000  -0.15901000
 0.34903000  -0.15753000
 0.36173000  -0.15601000
 0.37463000  -0.15444000
 0.38770000  -0.15279000
 0.40095000  -0.15076000
 0.41436000  -0.14805000
 0.42794000  -0.14505000
 0.44166000  -0.14173000
 0.45554000  -0.13813000
 0.46956000  -0.13424000
 0.48373000  -0.13007000
 0.49803000  -0.12562000
 0.51247000  -0.12091000
 0.52704000  -0.11595000
 0.54174000  -0.11074000
 0.55657000  -0.10529000
 0.57152000  -0.09963000
 0.58661000  -0.09377000
 0.60184000  -0.08776000
 0.61721000  -0.08162000
 0.63272000  -0.07537000
 0.64840000  -0.06904000
 0.66424000  -0.06269000
 0.68025000  -0.05635000
 0.69645000  -0.05008000
 0.71286000  -0.04394000
 0.72948000  -0.03797000
 0.74631000  -0.03223000
 0.76338000  -0.02680000
 0.78067000  -0.02173000
 0.79820000  -0.01711000
 0.81595000  -0.01294000
 0.83391000  -0.00931000
 0.85206000  -0.00627000
 0.87038000  -0.00393000
 0.88886000  -0.00233000
 0.90744000  -0.00153000
 0.92608000  -0.00139000
 0.94475000  -0.00225000
 0.96336000  -0.00426000
 0.98181000  -0.00766000
 1.00000000  -0.01223000
