IEA-15-240-RWT_AF28_Coords
       202   NumCoords         ! Number of coordinates including the reference point.
! x-y coordinate of airfoil reference
0.25        0
! coordinates of airfoil shape
-15.00000000  -240.00000000
 1.00000000   0.00579000
 0.97926000   0.01019000
 0.95854000   0.01463000
 0.93784000   0.01910000
 0.91720000   0.02363000
 0.89664000   0.02813000
 0.87617000   0.03267000
 0.85580000   0.03724000
 0.83554000   0.04181000
 0.81541000   0.04639000
 0.79541000   0.05095000
 0.77557000   0.05549000
 0.75588000   0.05999000
 0.73637000   0.06444000
 0.71703000   0.06882000
 0.69789000   0.07312000
 0.67894000   0.07733000
 0.66019000   0.08143000
 0.64166000   0.08542000
 0.62335000   0.08928000
 0.60527000   0.09301000
 0.58742000   0.09660000
 0.56982000   0.10004000
 0.55247000   0.10332000
 0.53538000   0.10645000
 0.51854000   0.10941000
 0.50197000   0.11220000
 0.48567000   0.11481000
 0.46965000   0.11725000
 0.45391000   0.11950000
 0.43845000   0.12156000
 0.42327000   0.12343000
 0.40839000   0.12502000
 0.39379000   0.12632000
 0.37949000   0.12743000
 0.36549000   0.12833000
 0.35178000   0.12906000
 0.33838000   0.12964000
 0.32527000   0.13007000
 0.31247000   0.13035000
 0.29997000   0.13051000
 0.28777000   0.13054000
 0.27587000   0.13046000
 0.26428000   0.13027000
 0.25299000   0.12999000
 0.24200000   0.12960000
 0.23131000   0.12912000
 0.22091000   0.12835000
 0.21082000   0.12713000
 0.20101000   0.12579000
 0.19150000   0.12432000
 0.18228000   0.12270000
 0.17334000   0.12095000
 0.16469000   0.11909000
 0.15633000   0.11711000
 0.14823000   0.11503000
 0.14041000   0.11286000
 0.13286000   0.11060000
 0.12558000   0.10825000
 0.11856000   0.10583000
 0.11179000   0.10334000
 0.10528000   0.10079000
 0.09901000   0.09819000
 0.09299000   0.09554000
 0.08720000   0.09286000
 0.08164000   0.09013000
 0.07632000   0.08738000
 0.07121000   0.08460000
 0.06633000   0.08179000
 0.06165000   0.07897000
 0.05719000   0.07614000
 0.05293000   0.07330000
 0.04886000   0.07046000
 0.04500000   0.06761000
 0.04133000   0.06476000
 0.03784000   0.06191000
 0.03454000   0.05906000
 0.03143000   0.05622000
 0.02849000   0.05339000
 0.02571000   0.05059000
 0.02306000   0.04784000
 0.02056000   0.04513000
 0.01821000   0.04244000
 0.01603000   0.03977000
 0.01401000   0.03712000
 0.01214000   0.03449000
 0.01042000   0.03189000
 0.00883000   0.02932000
 0.00739000   0.02679000
 0.00608000   0.02430000
 0.00492000   0.02184000
 0.00391000   0.01943000
 0.00303000   0.01705000
 0.00230000   0.01472000
 0.00169000   0.01244000
 0.00116000   0.01021000
 0.00075000   0.00804000
 0.00049000   0.00594000
 0.00027000   0.00390000
 0.00009000   0.00191000
 0.00000000   0.00000000
 0.00010000  -0.00191000
 0.00033000  -0.00390000
 0.00062000  -0.00594000
 0.00098000  -0.00802000
 0.00154000  -0.01016000
 0.00229000  -0.01234000
 0.00311000  -0.01456000
 0.00407000  -0.01681000
 0.00520000  -0.01910000
 0.00646000  -0.02142000
 0.00787000  -0.02378000
 0.00943000  -0.02616000
 0.01115000  -0.02854000
 0.01303000  -0.03094000
 0.01503000  -0.03339000
 0.01715000  -0.03586000
 0.01943000  -0.03837000
 0.02185000  -0.04089000
 0.02442000  -0.04344000
 0.02714000  -0.04601000
 0.03002000  -0.04859000
 0.03306000  -0.05120000
 0.03625000  -0.05383000
 0.03961000  -0.05649000
 0.04313000  -0.05917000
 0.04681000  -0.06189000
 0.05066000  -0.06464000
 0.05469000  -0.06740000
 0.05891000  -0.07017000
 0.06333000  -0.07294000
 0.06794000  -0.07573000
 0.07276000  -0.07851000
 0.07778000  -0.08129000
 0.08302000  -0.08406000
 0.08849000  -0.08682000
 0.09417000  -0.08958000
 0.10009000  -0.09230000
 0.10625000  -0.09500000
 0.11265000  -0.09766000
 0.11931000  -0.10028000
 0.12621000  -0.10284000
 0.13338000  -0.10535000
 0.14082000  -0.10778000
 0.14853000  -0.11015000
 0.15652000  -0.11243000
 0.16478000  -0.11461000
 0.17334000  -0.11669000
 0.18218000  -0.11864000
 0.19132000  -0.12048000
 0.20076000  -0.12217000
 0.21049000  -0.12372000
 0.22053000  -0.12512000
 0.23087000  -0.12597000
 0.24153000  -0.12652000
 0.25248000  -0.12696000
 0.26375000  -0.12725000
 0.27533000  -0.12737000
 0.28721000  -0.12732000
 0.29941000  -0.12710000
 0.31191000  -0.12668000
 0.32471000  -0.12606000
 0.33781000  -0.12523000
 0.35121000  -0.12417000
 0.36490000  -0.12286000
 0.37888000  -0.12130000
 0.39313000  -0.11947000
 0.40766000  -0.11735000
 0.42246000  -0.11493000
 0.43751000  -0.11219000
 0.45282000  -0.10910000
 0.46836000  -0.10541000
 0.48414000  -0.10136000
 0.50015000  -0.09696000
 0.51638000  -0.09221000
 0.53283000  -0.08714000
 0.54949000  -0.08176000
 0.56637000  -0.07612000
 0.58348000  -0.07023000
 0.60081000  -0.06415000
 0.61838000  -0.05793000
 0.63620000  -0.05163000
 0.65427000  -0.04531000
 0.67263000  -0.03905000
 0.69127000  -0.03292000
 0.71021000  -0.02699000
 0.72946000  -0.02136000
 0.74901000  -0.01609000
 0.76887000  -0.01129000
 0.78904000  -0.00708000
 0.80949000  -0.00351000
 0.83019000  -0.00059000
 0.85110000   0.00178000
 0.87219000   0.00340000
 0.89342000   0.00416000
 0.91474000   0.00393000
 0.93610000   0.00273000
 0.95746000   0.00083000
 0.97876000  -0.00177000
 1.00000000  -0.00508000
