IEA-15-240-RWT_AF23_Coords
       202   NumCoords         ! Number of coordinates including the reference point.
! x-y coordinate of airfoil reference
0.25        0
! coordinates of airfoil shape
-15.00000000  -240.00000000
 1.00000000   0.00830000
 0.97686000   0.01388000
 0.95372000   0.01941000
 0.93063000   0.02489000
 0.90763000   0.03029000
 0.88473000   0.03583000
 0.86196000   0.04140000
 0.83932000   0.04698000
 0.81684000   0.05255000
 0.79452000   0.05807000
 0.77238000   0.06354000
 0.75045000   0.06892000
 0.72872000   0.07421000
 0.70722000   0.07939000
 0.68595000   0.08443000
 0.66494000   0.08933000
 0.64419000   0.09407000
 0.62371000   0.09866000
 0.60353000   0.10307000
 0.58364000   0.10731000
 0.56406000   0.11135000
 0.54479000   0.11520000
 0.52586000   0.11887000
 0.50725000   0.12231000
 0.48899000   0.12554000
 0.47106000   0.12852000
 0.45349000   0.13128000
 0.43627000   0.13379000
 0.41942000   0.13606000
 0.40292000   0.13808000
 0.38680000   0.13986000
 0.37104000   0.14138000
 0.35566000   0.14273000
 0.34065000   0.14389000
 0.32603000   0.14480000
 0.31178000   0.14540000
 0.29791000   0.14514000
 0.28442000   0.14477000
 0.27131000   0.14424000
 0.25859000   0.14359000
 0.24624000   0.14280000
 0.23428000   0.14187000
 0.22270000   0.14079000
 0.21151000   0.13957000
 0.20069000   0.13821000
 0.19024000   0.13669000
 0.18018000   0.13504000
 0.17048000   0.13310000
 0.16115000   0.13085000
 0.15217000   0.12845000
 0.14356000   0.12593000
 0.13529000   0.12329000
 0.12736000   0.12056000
 0.11977000   0.11773000
 0.11251000   0.11481000
 0.10557000   0.11184000
 0.09894000   0.10881000
 0.09262000   0.10572000
 0.08659000   0.10261000
 0.08085000   0.09947000
 0.07538000   0.09631000
 0.07019000   0.09315000
 0.06525000   0.08997000
 0.06057000   0.08680000
 0.05614000   0.08365000
 0.05194000   0.08050000
 0.04797000   0.07738000
 0.04422000   0.07428000
 0.04068000   0.07121000
 0.03734000   0.06818000
 0.03420000   0.06518000
 0.03125000   0.06222000
 0.02849000   0.05930000
 0.02590000   0.05643000
 0.02348000   0.05360000
 0.02122000   0.05082000
 0.01912000   0.04809000
 0.01717000   0.04541000
 0.01535000   0.04280000
 0.01366000   0.04023000
 0.01210000   0.03774000
 0.01066000   0.03530000
 0.00933000   0.03293000
 0.00811000   0.03061000
 0.00700000   0.02835000
 0.00600000   0.02614000
 0.00510000   0.02400000
 0.00425000   0.02192000
 0.00351000   0.01990000
 0.00285000   0.01793000
 0.00229000   0.01601000
 0.00182000   0.01416000
 0.00143000   0.01236000
 0.00111000   0.01061000
 0.00085000   0.00893000
 0.00062000   0.00730000
 0.00044000   0.00573000
 0.00031000   0.00422000
 0.00018000   0.00276000
 0.00008000   0.00136000
 0.00000000   0.00000000
 0.00008000  -0.00133000
 0.00020000  -0.00273000
 0.00035000  -0.00418000
 0.00051000  -0.00569000
 0.00073000  -0.00725000
 0.00102000  -0.00887000
 0.00134000  -0.01054000
 0.00173000  -0.01227000
 0.00220000  -0.01405000
 0.00276000  -0.01589000
 0.00340000  -0.01778000
 0.00414000  -0.01972000
 0.00499000  -0.02171000
 0.00595000  -0.02375000
 0.00697000  -0.02586000
 0.00808000  -0.02803000
 0.00930000  -0.03025000
 0.01064000  -0.03253000
 0.01209000  -0.03486000
 0.01366000  -0.03725000
 0.01536000  -0.03970000
 0.01720000  -0.04220000
 0.01917000  -0.04476000
 0.02128000  -0.04737000
 0.02353000  -0.05004000
 0.02595000  -0.05277000
 0.02852000  -0.05555000
 0.03125000  -0.05839000
 0.03417000  -0.06126000
 0.03727000  -0.06419000
 0.04055000  -0.06716000
 0.04403000  -0.07018000
 0.04772000  -0.07324000
 0.05161000  -0.07633000
 0.05572000  -0.07946000
 0.06006000  -0.08262000
 0.06463000  -0.08581000
 0.06945000  -0.08902000
 0.07453000  -0.09224000
 0.07986000  -0.09547000
 0.08547000  -0.09870000
 0.09136000  -0.10193000
 0.09753000  -0.10514000
 0.10401000  -0.10834000
 0.11080000  -0.11150000
 0.11791000  -0.11461000
 0.12534000  -0.11767000
 0.13312000  -0.12066000
 0.14124000  -0.12357000
 0.14971000  -0.12638000
 0.15855000  -0.12909000
 0.16776000  -0.13166000
 0.17734000  -0.13387000
 0.18730000  -0.13587000
 0.19765000  -0.13775000
 0.20840000  -0.13951000
 0.21954000  -0.14116000
 0.23107000  -0.14273000
 0.24301000  -0.14422000
 0.25534000  -0.14566000
 0.26808000  -0.14710000
 0.28122000  -0.14810000
 0.29475000  -0.14817000
 0.30867000  -0.14786000
 0.32299000  -0.14718000
 0.33769000  -0.14609000
 0.35276000  -0.14461000
 0.36821000  -0.14268000
 0.38401000  -0.14031000
 0.40016000  -0.13748000
 0.41665000  -0.13444000
 0.43347000  -0.13094000
 0.45060000  -0.12698000
 0.46803000  -0.12255000
 0.48575000  -0.11766000
 0.50376000  -0.11230000
 0.52203000  -0.10650000
 0.54057000  -0.10028000
 0.55937000  -0.09368000
 0.57844000  -0.08671000
 0.59777000  -0.07946000
 0.61738000  -0.07197000
 0.63729000  -0.06432000
 0.65751000  -0.05661000
 0.67806000  -0.04892000
 0.69896000  -0.04136000
 0.72024000  -0.03405000
 0.74192000  -0.02712000
 0.76399000  -0.02069000
 0.78646000  -0.01486000
 0.80932000  -0.00984000
 0.83254000  -0.00575000
 0.85607000  -0.00254000
 0.87987000  -0.00033000
 0.90386000   0.00096000
 0.92797000   0.00075000
 0.95210000  -0.00061000
 0.97614000  -0.00374000
 1.00000000  -0.00821000
