IEA-15-240-RWT_AF11_Coords
       202   NumCoords         ! Number of coordinates including the reference point.
! x-y coordinate of airfoil reference
0.25        0
! coordinates of airfoil shape
-15.00000000  -240.00000000
 1.00000000   0.01258000
 0.97574000   0.02068000
 0.95111000   0.02884000
 0.92652000   0.03693000
 0.90200000   0.04492000
 0.87760000   0.05291000
 0.85333000   0.06082000
 0.82920000   0.06867000
 0.80524000   0.07641000
 0.78147000   0.08403000
 0.75790000   0.09153000
 0.73455000   0.09886000
 0.71144000   0.10604000
 0.68858000   0.11303000
 0.66600000   0.11983000
 0.64370000   0.12641000
 0.62170000   0.13278000
 0.60001000   0.13890000
 0.57865000   0.14477000
 0.55762000   0.15038000
 0.53693000   0.15569000
 0.51660000   0.16072000
 0.49662000   0.16543000
 0.47701000   0.16980000
 0.45759000   0.17382000
 0.43836000   0.17748000
 0.41952000   0.18078000
 0.40107000   0.18370000
 0.38302000   0.18624000
 0.36538000   0.18841000
 0.34816000   0.19015000
 0.33136000   0.19154000
 0.31499000   0.19254000
 0.29906000   0.19312000
 0.28357000   0.19334000
 0.26853000   0.19316000
 0.25394000   0.19260000
 0.23981000   0.19169000
 0.22615000   0.19039000
 0.21294000   0.18873000
 0.20021000   0.18669000
 0.18797000   0.18425000
 0.17619000   0.18142000
 0.16490000   0.17815000
 0.15408000   0.17439000
 0.14374000   0.16995000
 0.13387000   0.16532000
 0.12448000   0.16196000
 0.11554000   0.15842000
 0.10708000   0.15469000
 0.09905000   0.15082000
 0.09147000   0.14681000
 0.08434000   0.14266000
 0.07763000   0.13841000
 0.07134000   0.13409000
 0.06544000   0.12970000
 0.05993000   0.12527000
 0.05479000   0.12080000
 0.05001000   0.11632000
 0.04557000   0.11185000
 0.04144000   0.10740000
 0.03763000   0.10299000
 0.03410000   0.09863000
 0.03085000   0.09433000
 0.02787000   0.09009000
 0.02512000   0.08593000
 0.02259000   0.08185000
 0.02027000   0.07787000
 0.01816000   0.07397000
 0.01623000   0.07017000
 0.01447000   0.06648000
 0.01285000   0.06289000
 0.01138000   0.05943000
 0.01005000   0.05606000
 0.00885000   0.05281000
 0.00776000   0.04967000
 0.00680000   0.04662000
 0.00597000   0.04367000
 0.00527000   0.04081000
 0.00465000   0.03806000
 0.00411000   0.03540000
 0.00365000   0.03284000
 0.00327000   0.03037000
 0.00293000   0.02801000
 0.00263000   0.02574000
 0.00234000   0.02356000
 0.00205000   0.02148000
 0.00177000   0.01949000
 0.00151000   0.01758000
 0.00128000   0.01575000
 0.00107000   0.01400000
 0.00088000   0.01231000
 0.00073000   0.01070000
 0.00060000   0.00915000
 0.00049000   0.00767000
 0.00040000   0.00626000
 0.00031000   0.00490000
 0.00021000   0.00360000
 0.00013000   0.00235000
 0.00006000   0.00116000
 0.00000000   0.00000000
 0.00006000  -0.00112000
 0.00012000  -0.00231000
 0.00017000  -0.00356000
 0.00023000  -0.00486000
 0.00029000  -0.00622000
 0.00038000  -0.00765000
 0.00048000  -0.00913000
 0.00059000  -0.01069000
 0.00072000  -0.01231000
 0.00088000  -0.01400000
 0.00106000  -0.01577000
 0.00128000  -0.01762000
 0.00152000  -0.01954000
 0.00179000  -0.02155000
 0.00209000  -0.02365000
 0.00241000  -0.02584000
 0.00276000  -0.02812000
 0.00315000  -0.03050000
 0.00360000  -0.03298000
 0.00412000  -0.03555000
 0.00476000  -0.03821000
 0.00549000  -0.04097000
 0.00631000  -0.04383000
 0.00723000  -0.04679000
 0.00829000  -0.04984000
 0.00948000  -0.05299000
 0.01079000  -0.05625000
 0.01223000  -0.05961000
 0.01383000  -0.06308000
 0.01558000  -0.06665000
 0.01751000  -0.07032000
 0.01962000  -0.07408000
 0.02193000  -0.07792000
 0.02447000  -0.08184000
 0.02726000  -0.08582000
 0.03029000  -0.08986000
 0.03358000  -0.09395000
 0.03714000  -0.09809000
 0.04100000  -0.10227000
 0.04519000  -0.10648000
 0.04968000  -0.11071000
 0.05450000  -0.11494000
 0.05969000  -0.11916000
 0.06523000  -0.12335000
 0.07116000  -0.12749000
 0.07747000  -0.13159000
 0.08417000  -0.13562000
 0.09130000  -0.13956000
 0.09884000  -0.14341000
 0.10680000  -0.14717000
 0.11522000  -0.15081000
 0.12406000  -0.15433000
 0.13337000  -0.15770000
 0.14313000  -0.16091000
 0.15336000  -0.16396000
 0.16406000  -0.16895000
 0.17523000  -0.17310000
 0.18689000  -0.17668000
 0.19901000  -0.17982000
 0.21163000  -0.18254000
 0.22473000  -0.18488000
 0.23831000  -0.18683000
 0.25238000  -0.18837000
 0.26692000  -0.18951000
 0.28193000  -0.19019000
 0.29742000  -0.19043000
 0.31336000  -0.19019000
 0.32975000  -0.18947000
 0.34657000  -0.18825000
 0.36382000  -0.18645000
 0.38147000  -0.18413000
 0.39951000  -0.18120000
 0.41792000  -0.17766000
 0.43667000  -0.17349000
 0.45575000  -0.16869000
 0.47514000  -0.16324000
 0.49483000  -0.15723000
 0.51479000  -0.15062000
 0.53478000  -0.14347000
 0.55488000  -0.13576000
 0.57525000  -0.12752000
 0.59589000  -0.11883000
 0.61680000  -0.10969000
 0.63798000  -0.10019000
 0.65946000  -0.09040000
 0.68127000  -0.08042000
 0.70344000  -0.07037000
 0.72601000  -0.06041000
 0.74902000  -0.05072000
 0.77249000  -0.04148000
 0.79643000  -0.03285000
 0.82083000  -0.02500000
 0.84566000  -0.01809000
 0.87091000  -0.01253000
 0.89651000  -0.00862000
 0.92233000  -0.00653000
 0.94825000  -0.00381000
 0.97428000  -0.00189000
 1.00000000  -0.00061000
