IEA-15-240-RWT_AF14_Coords
       202   NumCoords         ! Number of coordinates including the reference point.
! x-y coordinate of airfoil reference
0.25        0
! coordinates of airfoil shape
-15.00000000  -240.00000000
 1.00000000   0.01231000
 0.97997000   0.01756000
 0.95992000   0.02278000
 0.93988000   0.02797000
 0.91989000   0.03311000
 0.89997000   0.03831000
 0.88012000   0.04354000
 0.86037000   0.04878000
 0.84072000   0.05401000
 0.82118000   0.05923000
 0.80175000   0.06443000
 0.78246000   0.06959000
 0.76331000   0.07471000
 0.74431000   0.07976000
 0.72546000   0.08474000
 0.70678000   0.08966000
 0.68828000   0.09449000
 0.66996000   0.09922000
 0.65183000   0.10385000
 0.63389000   0.10836000
 0.61616000   0.11276000
 0.59863000   0.11702000
 0.58132000   0.12114000
 0.56423000   0.12512000
 0.54740000   0.12894000
 0.53085000   0.13261000
 0.51452000   0.13610000
 0.49843000   0.13941000
 0.48257000   0.14255000
 0.46697000   0.14549000
 0.45160000   0.14825000
 0.43649000   0.15081000
 0.42162000   0.15317000
 0.40701000   0.15534000
 0.39266000   0.15729000
 0.37857000   0.15906000
 0.36473000   0.16120000
 0.35116000   0.16306000
 0.33785000   0.16462000
 0.32481000   0.16585000
 0.31205000   0.16675000
 0.29955000   0.16728000
 0.28733000   0.16744000
 0.27539000   0.16721000
 0.26373000   0.16662000
 0.25235000   0.16566000
 0.24125000   0.16459000
 0.23044000   0.16361000
 0.21992000   0.16245000
 0.20968000   0.16109000
 0.19972000   0.15957000
 0.19005000   0.15787000
 0.18066000   0.15600000
 0.17155000   0.15396000
 0.16273000   0.15178000
 0.15419000   0.14945000
 0.14593000   0.14698000
 0.13795000   0.14437000
 0.13025000   0.14163000
 0.12281000   0.13877000
 0.11565000   0.13580000
 0.10876000   0.13273000
 0.10212000   0.12956000
 0.09574000   0.12631000
 0.08961000   0.12299000
 0.08374000   0.11960000
 0.07811000   0.11614000
 0.07272000   0.11262000
 0.06757000   0.10906000
 0.06265000   0.10544000
 0.05796000   0.10180000
 0.05349000   0.09812000
 0.04923000   0.09442000
 0.04518000   0.09071000
 0.04134000   0.08698000
 0.03769000   0.08324000
 0.03426000   0.07950000
 0.03104000   0.07576000
 0.02802000   0.07202000
 0.02519000   0.06830000
 0.02255000   0.06460000
 0.02011000   0.06092000
 0.01784000   0.05726000
 0.01573000   0.05363000
 0.01377000   0.05005000
 0.01195000   0.04650000
 0.01028000   0.04301000
 0.00872000   0.03956000
 0.00730000   0.03616000
 0.00602000   0.03281000
 0.00491000   0.02951000
 0.00395000   0.02625000
 0.00316000   0.02305000
 0.00248000   0.01991000
 0.00190000   0.01684000
 0.00139000   0.01385000
 0.00095000   0.01093000
 0.00056000   0.00809000
 0.00030000   0.00532000
 0.00010000   0.00262000
 0.00000000   0.00000000
 0.00011000  -0.00263000
 0.00030000  -0.00534000
 0.00056000  -0.00811000
 0.00096000  -0.01095000
 0.00141000  -0.01388000
 0.00193000  -0.01687000
 0.00256000  -0.01994000
 0.00333000  -0.02307000
 0.00424000  -0.02625000
 0.00529000  -0.02949000
 0.00650000  -0.03278000
 0.00787000  -0.03611000
 0.00938000  -0.03948000
 0.01104000  -0.04290000
 0.01284000  -0.04637000
 0.01478000  -0.04988000
 0.01687000  -0.05342000
 0.01913000  -0.05700000
 0.02157000  -0.06060000
 0.02420000  -0.06422000
 0.02703000  -0.06785000
 0.03004000  -0.07149000
 0.03326000  -0.07515000
 0.03667000  -0.07880000
 0.04029000  -0.08246000
 0.04411000  -0.08612000
 0.04813000  -0.08978000
 0.05237000  -0.09342000
 0.05681000  -0.09704000
 0.06148000  -0.10065000
 0.06636000  -0.10423000
 0.07148000  -0.10777000
 0.07684000  -0.11127000
 0.08245000  -0.11473000
 0.08831000  -0.11814000
 0.09442000  -0.12149000
 0.10079000  -0.12478000
 0.10741000  -0.12799000
 0.11431000  -0.13113000
 0.12145000  -0.13419000
 0.12888000  -0.13714000
 0.13658000  -0.14000000
 0.14455000  -0.14274000
 0.15281000  -0.14536000
 0.16134000  -0.14785000
 0.17017000  -0.15020000
 0.17928000  -0.15240000
 0.18868000  -0.15443000
 0.19836000  -0.15630000
 0.20833000  -0.15799000
 0.21859000  -0.15949000
 0.22913000  -0.16081000
 0.23995000  -0.16190000
 0.25106000  -0.16279000
 0.26245000  -0.16345000
 0.27412000  -0.16426000
 0.28607000  -0.16465000
 0.29830000  -0.16455000
 0.31080000  -0.16389000
 0.32358000  -0.16267000
 0.33662000  -0.16086000
 0.34992000  -0.15890000
 0.36348000  -0.15721000
 0.37729000  -0.15521000
 0.39135000  -0.15286000
 0.40565000  -0.15020000
 0.42018000  -0.14720000
 0.43494000  -0.14387000
 0.44993000  -0.14020000
 0.46513000  -0.13620000
 0.48054000  -0.13186000
 0.49616000  -0.12718000
 0.51197000  -0.12217000
 0.52797000  -0.11682000
 0.54416000  -0.11115000
 0.56053000  -0.10521000
 0.57711000  -0.09902000
 0.59387000  -0.09261000
 0.61089000  -0.08600000
 0.62813000  -0.07924000
 0.64558000  -0.07235000
 0.66324000  -0.06540000
 0.68113000  -0.05844000
 0.69925000  -0.05153000
 0.71761000  -0.04472000
 0.73622000  -0.03812000
 0.75512000  -0.03180000
 0.77430000  -0.02587000
 0.79377000  -0.02039000
 0.81354000  -0.01547000
 0.83359000  -0.01119000
 0.85391000  -0.00767000
 0.87449000  -0.00500000
 0.89527000  -0.00331000
 0.91622000  -0.00297000
 0.93725000  -0.00348000
 0.95828000  -0.00449000
 0.97922000  -0.00603000
 1.00000000  -0.00807000
