IEA-15-240-RWT_AF18_Coords
       202   NumCoords         ! Number of coordinates including the reference point.
! x-y coordinate of airfoil reference
0.25        0
! coordinates of airfoil shape
-15.00000000  -240.00000000
 1.00000000   0.01096000
 0.98070000   0.01571000
 0.96141000   0.02048000
 0.94213000   0.02525000
 0.92289000   0.03004000
 0.90372000   0.03488000
 0.88463000   0.03976000
 0.86562000   0.04466000
 0.84670000   0.04955000
 0.82788000   0.05444000
 0.80917000   0.05930000
 0.79058000   0.06413000
 0.77210000   0.06890000
 0.75377000   0.07362000
 0.73557000   0.07826000
 0.71752000   0.08283000
 0.69962000   0.08731000
 0.68189000   0.09171000
 0.66433000   0.09599000
 0.64694000   0.10017000
 0.62974000   0.10424000
 0.61273000   0.10819000
 0.59591000   0.11203000
 0.57930000   0.11574000
 0.56289000   0.11930000
 0.54669000   0.12273000
 0.53070000   0.12601000
 0.51493000   0.12914000
 0.49938000   0.13212000
 0.48406000   0.13494000
 0.46896000   0.13760000
 0.45410000   0.14010000
 0.43947000   0.14243000
 0.42507000   0.14459000
 0.41092000   0.14657000
 0.39700000   0.14836000
 0.38332000   0.14968000
 0.36988000   0.15083000
 0.35669000   0.15179000
 0.34375000   0.15261000
 0.33105000   0.15331000
 0.31860000   0.15391000
 0.30640000   0.15443000
 0.29445000   0.15490000
 0.28275000   0.15535000
 0.27130000   0.15582000
 0.26011000   0.15596000
 0.24917000   0.15538000
 0.23848000   0.15478000
 0.22805000   0.15400000
 0.21786000   0.15306000
 0.20793000   0.15194000
 0.19825000   0.15067000
 0.18882000   0.14924000
 0.17964000   0.14765000
 0.17071000   0.14591000
 0.16203000   0.14402000
 0.15360000   0.14198000
 0.14542000   0.13979000
 0.13749000   0.13747000
 0.12980000   0.13502000
 0.12236000   0.13243000
 0.11517000   0.12972000
 0.10822000   0.12690000
 0.10152000   0.12397000
 0.09505000   0.12095000
 0.08883000   0.11783000
 0.08285000   0.11462000
 0.07711000   0.11133000
 0.07161000   0.10796000
 0.06634000   0.10452000
 0.06130000   0.10102000
 0.05650000   0.09746000
 0.05193000   0.09385000
 0.04758000   0.09020000
 0.04345000   0.08651000
 0.03955000   0.08280000
 0.03585000   0.07907000
 0.03237000   0.07532000
 0.02909000   0.07157000
 0.02602000   0.06782000
 0.02314000   0.06406000
 0.02046000   0.06032000
 0.01797000   0.05660000
 0.01567000   0.05289000
 0.01355000   0.04922000
 0.01159000   0.04558000
 0.00979000   0.04198000
 0.00816000   0.03841000
 0.00670000   0.03489000
 0.00545000   0.03140000
 0.00437000   0.02796000
 0.00348000   0.02456000
 0.00272000   0.02123000
 0.00208000   0.01797000
 0.00153000   0.01478000
 0.00104000   0.01168000
 0.00061000   0.00865000
 0.00032000   0.00569000
 0.00010000   0.00280000
 0.00000000   0.00000000
 0.00011000  -0.00282000
 0.00032000  -0.00571000
 0.00060000  -0.00867000
 0.00105000  -0.01171000
 0.00156000  -0.01482000
 0.00214000  -0.01801000
 0.00285000  -0.02127000
 0.00373000  -0.02458000
 0.00475000  -0.02796000
 0.00596000  -0.03138000
 0.00734000  -0.03484000
 0.00893000  -0.03833000
 0.01068000  -0.04186000
 0.01262000  -0.04542000
 0.01472000  -0.04902000
 0.01699000  -0.05265000
 0.01944000  -0.05631000
 0.02210000  -0.05997000
 0.02495000  -0.06364000
 0.02801000  -0.06730000
 0.03127000  -0.07097000
 0.03474000  -0.07462000
 0.03842000  -0.07827000
 0.04231000  -0.08189000
 0.04642000  -0.08550000
 0.05073000  -0.08909000
 0.05527000  -0.09264000
 0.06003000  -0.09615000
 0.06501000  -0.09961000
 0.07023000  -0.10303000
 0.07567000  -0.10639000
 0.08135000  -0.10969000
 0.08725000  -0.11293000
 0.09339000  -0.11611000
 0.09977000  -0.11921000
 0.10638000  -0.12224000
 0.11324000  -0.12519000
 0.12033000  -0.12805000
 0.12768000  -0.13082000
 0.13526000  -0.13349000
 0.14310000  -0.13605000
 0.15119000  -0.13849000
 0.15953000  -0.14083000
 0.16813000  -0.14303000
 0.17699000  -0.14511000
 0.18610000  -0.14704000
 0.19547000  -0.14882000
 0.20511000  -0.15044000
 0.21501000  -0.15189000
 0.22517000  -0.15316000
 0.23559000  -0.15424000
 0.24628000  -0.15513000
 0.25723000  -0.15601000
 0.26845000  -0.15674000
 0.27992000  -0.15718000
 0.29165000  -0.15643000
 0.30364000  -0.15569000
 0.31588000  -0.15494000
 0.32837000  -0.15414000
 0.34110000  -0.15327000
 0.35408000  -0.15227000
 0.36729000  -0.15089000
 0.38074000  -0.14897000
 0.39441000  -0.14673000
 0.40829000  -0.14416000
 0.42240000  -0.14129000
 0.43671000  -0.13811000
 0.45123000  -0.13461000
 0.46595000  -0.13080000
 0.48087000  -0.12668000
 0.49598000  -0.12224000
 0.51127000  -0.11751000
 0.52674000  -0.11247000
 0.54240000  -0.10715000
 0.55822000  -0.10155000
 0.57423000  -0.09572000
 0.59042000  -0.08966000
 0.60679000  -0.08341000
 0.62334000  -0.07699000
 0.64008000  -0.07044000
 0.65703000  -0.06382000
 0.67419000  -0.05718000
 0.69158000  -0.05058000
 0.70920000  -0.04408000
 0.72707000  -0.03774000
 0.74521000  -0.03166000
 0.76362000  -0.02591000
 0.78231000  -0.02058000
 0.80127000  -0.01571000
 0.82049000  -0.01139000
 0.83997000  -0.00772000
 0.85968000  -0.00479000
 0.87958000  -0.00267000
 0.89964000  -0.00143000
 0.91980000  -0.00098000
 0.94001000  -0.00162000
 0.96019000  -0.00348000
 0.98022000  -0.00693000
 1.00000000  -0.01166000
