IEA-15-240-RWT_AF08_Coords
       202   NumCoords         ! Number of coordinates including the reference point.
! x-y coordinate of airfoil reference
0.25        0
! coordinates of airfoil shape
-15.00000000  -240.00000000
 1.00000000   0.00145000
 0.98379000   0.02011000
 0.95971000   0.03360000
 0.93557000   0.04648000
 0.91136000   0.05882000
 0.88721000   0.07093000
 0.86309000   0.08271000
 0.83907000   0.09429000
 0.81506000   0.10536000
 0.79114000   0.11608000
 0.76737000   0.12651000
 0.74370000   0.13646000
 0.72019000   0.14599000
 0.69686000   0.15513000
 0.67375000   0.16392000
 0.65081000   0.17213000
 0.62815000   0.18001000
 0.60571000   0.18732000
 0.58356000   0.19421000
 0.56171000   0.20066000
 0.54016000   0.20662000
 0.51894000   0.21215000
 0.49805000   0.21709000
 0.47750000   0.22153000
 0.45711000   0.22539000
 0.43689000   0.22878000
 0.41705000   0.23161000
 0.39760000   0.23391000
 0.37857000   0.23566000
 0.35999000   0.23709000
 0.34184000   0.23774000
 0.32416000   0.23810000
 0.30695000   0.23796000
 0.29023000   0.23724000
 0.27400000   0.23612000
 0.25829000   0.23452000
 0.24310000   0.23251000
 0.22844000   0.23007000
 0.21432000   0.22726000
 0.20074000   0.22408000
 0.18771000   0.22052000
 0.17526000   0.21656000
 0.16337000   0.21227000
 0.15203000   0.20769000
 0.14122000   0.20283000
 0.13098000   0.19760000
 0.12126000   0.19221000
 0.11210000   0.18711000
 0.10341000   0.18194000
 0.09529000   0.17658000
 0.08762000   0.17119000
 0.08047000   0.16571000
 0.07380000   0.16016000
 0.06759000   0.15458000
 0.06183000   0.14899000
 0.05647000   0.14343000
 0.05148000   0.13792000
 0.04684000   0.13247000
 0.04259000   0.12706000
 0.03868000   0.12172000
 0.03504000   0.11649000
 0.03170000   0.11135000
 0.02863000   0.10633000
 0.02585000   0.10140000
 0.02333000   0.09658000
 0.02101000   0.09189000
 0.01883000   0.08735000
 0.01686000   0.08294000
 0.01508000   0.07864000
 0.01344000   0.07449000
 0.01193000   0.07047000
 0.01057000   0.06659000
 0.00936000   0.06283000
 0.00828000   0.05919000
 0.00734000   0.05568000
 0.00651000   0.05230000
 0.00578000   0.04903000
 0.00515000   0.04588000
 0.00463000   0.04284000
 0.00416000   0.03992000
 0.00369000   0.03712000
 0.00327000   0.03443000
 0.00292000   0.03184000
 0.00263000   0.02935000
 0.00236000   0.02697000
 0.00208000   0.02469000
 0.00179000   0.02251000
 0.00153000   0.02042000
 0.00132000   0.01842000
 0.00113000   0.01650000
 0.00096000   0.01466000
 0.00078000   0.01289000
 0.00062000   0.01120000
 0.00052000   0.00959000
 0.00044000   0.00803000
 0.00036000   0.00655000
 0.00028000   0.00513000
 0.00017000   0.00377000
 0.00008000   0.00247000
 0.00002000   0.00122000
 0.00000000   0.00000000
 0.00001000  -0.00117000
 0.00002000  -0.00242000
 0.00003000  -0.00372000
 0.00006000  -0.00509000
 0.00009000  -0.00651000
 0.00021000  -0.00800000
 0.00034000  -0.00956000
 0.00043000  -0.01119000
 0.00052000  -0.01289000
 0.00063000  -0.01466000
 0.00079000  -0.01652000
 0.00097000  -0.01845000
 0.00116000  -0.02047000
 0.00137000  -0.02258000
 0.00162000  -0.02478000
 0.00191000  -0.02708000
 0.00221000  -0.02948000
 0.00252000  -0.03198000
 0.00285000  -0.03459000
 0.00325000  -0.03731000
 0.00374000  -0.04014000
 0.00428000  -0.04307000
 0.00485000  -0.04613000
 0.00550000  -0.04931000
 0.00627000  -0.05261000
 0.00713000  -0.05603000
 0.00811000  -0.05957000
 0.00923000  -0.06324000
 0.01048000  -0.06704000
 0.01187000  -0.07097000
 0.01344000  -0.07502000
 0.01515000  -0.07920000
 0.01701000  -0.08352000
 0.01905000  -0.08796000
 0.02134000  -0.09252000
 0.02380000  -0.09721000
 0.02647000  -0.10202000
 0.02940000  -0.10695000
 0.03262000  -0.11197000
 0.03624000  -0.11703000
 0.04009000  -0.12223000
 0.04426000  -0.12751000
 0.04888000  -0.13279000
 0.05383000  -0.13814000
 0.05918000  -0.14353000
 0.06491000  -0.14895000
 0.07104000  -0.15441000
 0.07767000  -0.15980000
 0.08473000  -0.16519000
 0.09229000  -0.17051000
 0.10036000  -0.17574000
 0.10891000  -0.18091000
 0.11802000  -0.18590000
 0.12761000  -0.19083000
 0.13775000  -0.19557000
 0.14843000  -0.20082000
 0.15963000  -0.20571000
 0.17141000  -0.21020000
 0.18369000  -0.21449000
 0.19657000  -0.21837000
 0.20997000  -0.22199000
 0.22393000  -0.22524000
 0.23845000  -0.22811000
 0.25350000  -0.23065000
 0.26909000  -0.23280000
 0.28523000  -0.23437000
 0.30189000  -0.23550000
 0.31906000  -0.23616000
 0.33672000  -0.23634000
 0.35486000  -0.23577000
 0.37347000  -0.23476000
 0.39251000  -0.23301000
 0.41196000  -0.23058000
 0.43181000  -0.22752000
 0.45202000  -0.22375000
 0.47252000  -0.21908000
 0.49335000  -0.21384000
 0.51441000  -0.20769000
 0.53545000  -0.20092000
 0.55655000  -0.19334000
 0.57786000  -0.18502000
 0.59938000  -0.17607000
 0.62109000  -0.16647000
 0.64297000  -0.15623000
 0.66502000  -0.14537000
 0.68724000  -0.13399000
 0.70967000  -0.12222000
 0.73229000  -0.11004000
 0.75518000  -0.09770000
 0.77839000  -0.08535000
 0.80192000  -0.07303000
 0.82591000  -0.06117000
 0.85027000  -0.04967000
 0.87511000  -0.03893000
 0.90045000  -0.02925000
 0.92636000  -0.02111000
 0.95288000  -0.01450000
 0.98011000  -0.01018000
 1.00000000   0.00017000
