IEA-15-240-RWT_AF06_Coords
       202   NumCoords         ! Number of coordinates including the reference point.
! x-y coordinate of airfoil reference
0.25        0
! coordinates of airfoil shape
-15.00000000  -240.00000000
 1.00000000   0.00019000
 0.98952000   0.02014000
 0.96931000   0.03717000
 0.94777000   0.05327000
 0.92557000   0.06886000
 0.90310000   0.08416000
 0.88039000   0.09912000
 0.85758000   0.11381000
 0.83451000   0.12796000
 0.81133000   0.14168000
 0.78813000   0.15504000
 0.76481000   0.16773000
 0.74145000   0.17986000
 0.71811000   0.19149000
 0.69485000   0.20266000
 0.67156000   0.21310000
 0.64841000   0.22309000
 0.62530000   0.23236000
 0.60236000   0.24108000
 0.57959000   0.24923000
 0.55700000   0.25674000
 0.53465000   0.26370000
 0.51248000   0.26989000
 0.49057000   0.27545000
 0.46943000   0.28026000
 0.44917000   0.28447000
 0.42927000   0.28797000
 0.40973000   0.29079000
 0.39059000   0.29291000
 0.37188000   0.29463000
 0.35358000   0.29535000
 0.33572000   0.29569000
 0.31833000   0.29541000
 0.30141000   0.29436000
 0.28497000   0.29282000
 0.26904000   0.29067000
 0.25362000   0.28800000
 0.23872000   0.28476000
 0.22436000   0.28106000
 0.21053000   0.27691000
 0.19725000   0.27229000
 0.18455000   0.26717000
 0.17241000   0.26167000
 0.16082000   0.25587000
 0.14976000   0.24985000
 0.13926000   0.24353000
 0.12929000   0.23703000
 0.11987000   0.23029000
 0.11093000   0.22352000
 0.10257000   0.21650000
 0.09465000   0.20949000
 0.08725000   0.20238000
 0.08034000   0.19522000
 0.07390000   0.18806000
 0.06789000   0.18093000
 0.06230000   0.17386000
 0.05707000   0.16692000
 0.05220000   0.16011000
 0.04771000   0.15338000
 0.04357000   0.14677000
 0.03971000   0.14035000
 0.03614000   0.13407000
 0.03285000   0.12796000
 0.02984000   0.12198000
 0.02712000   0.11614000
 0.02458000   0.11049000
 0.02220000   0.10507000
 0.02002000   0.09980000
 0.01805000   0.09469000
 0.01621000   0.08976000
 0.01451000   0.08502000
 0.01297000   0.08041000
 0.01158000   0.07596000
 0.01034000   0.07164000
 0.00924000   0.06747000
 0.00827000   0.06343000
 0.00739000   0.05954000
 0.00662000   0.05580000
 0.00597000   0.05220000
 0.00537000   0.04873000
 0.00478000   0.04541000
 0.00423000   0.04222000
 0.00376000   0.03915000
 0.00337000   0.03618000
 0.00300000   0.03333000
 0.00263000   0.03059000
 0.00226000   0.02796000
 0.00192000   0.02542000
 0.00164000   0.02297000
 0.00140000   0.02062000
 0.00118000   0.01835000
 0.00095000   0.01618000
 0.00075000   0.01408000
 0.00061000   0.01206000
 0.00050000   0.01012000
 0.00041000   0.00825000
 0.00031000   0.00646000
 0.00018000   0.00473000
 0.00008000   0.00307000
 0.00002000   0.00148000
 0.00000000   0.00000000
 0.00000000  -0.00161000
 0.00001000  -0.00321000
 0.00004000  -0.00488000
 0.00007000  -0.00661000
 0.00011000  -0.00841000
 0.00027000  -0.01028000
 0.00043000  -0.01222000
 0.00056000  -0.01425000
 0.00068000  -0.01636000
 0.00084000  -0.01855000
 0.00105000  -0.02083000
 0.00129000  -0.02319000
 0.00155000  -0.02566000
 0.00183000  -0.02822000
 0.00216000  -0.03088000
 0.00254000  -0.03365000
 0.00294000  -0.03652000
 0.00336000  -0.03951000
 0.00379000  -0.04263000
 0.00430000  -0.04587000
 0.00491000  -0.04924000
 0.00557000  -0.05275000
 0.00627000  -0.05641000
 0.00705000  -0.06021000
 0.00795000  -0.06416000
 0.00895000  -0.06827000
 0.01008000  -0.07252000
 0.01135000  -0.07692000
 0.01276000  -0.08147000
 0.01432000  -0.08619000
 0.01607000  -0.09104000
 0.01797000  -0.09608000
 0.02001000  -0.10132000
 0.02223000  -0.10676000
 0.02471000  -0.11234000
 0.02736000  -0.11814000
 0.03022000  -0.12414000
 0.03334000  -0.13031000
 0.03676000  -0.13663000
 0.04059000  -0.14299000
 0.04465000  -0.14957000
 0.04903000  -0.15631000
 0.05387000  -0.16303000
 0.05904000  -0.16991000
 0.06461000  -0.17686000
 0.07057000  -0.18390000
 0.07693000  -0.19103000
 0.08379000  -0.19808000
 0.09109000  -0.20514000
 0.09889000  -0.21212000
 0.10721000  -0.21896000
 0.11601000  -0.22574000
 0.12537000  -0.23226000
 0.13522000  -0.23872000
 0.14561000  -0.24492000
 0.15656000  -0.25089000
 0.16801000  -0.25667000
 0.18005000  -0.26204000
 0.19259000  -0.26727000
 0.20572000  -0.27200000
 0.21937000  -0.27646000
 0.23358000  -0.28048000
 0.24834000  -0.28403000
 0.26361000  -0.28724000
 0.27943000  -0.28998000
 0.29578000  -0.29198000
 0.31264000  -0.29349000
 0.33000000  -0.29443000
 0.34784000  -0.29482000
 0.36614000  -0.29429000
 0.38490000  -0.29328000
 0.40407000  -0.29138000
 0.42363000  -0.28870000
 0.44357000  -0.28532000
 0.46384000  -0.28114000
 0.48438000  -0.27591000
 0.50523000  -0.27002000
 0.52627000  -0.26308000
 0.54829000  -0.25542000
 0.57077000  -0.24684000
 0.59329000  -0.23740000
 0.61588000  -0.22723000
 0.63847000  -0.21630000
 0.66101000  -0.20461000
 0.68344000  -0.19217000
 0.70579000  -0.17906000
 0.72808000  -0.16540000
 0.75022000  -0.15113000
 0.77236000  -0.13648000
 0.79458000  -0.12157000
 0.81685000  -0.10639000
 0.83952000  -0.09141000
 0.86243000  -0.07642000
 0.88582000  -0.06178000
 0.90983000  -0.04771000
 0.93467000  -0.03474000
 0.96030000  -0.02393000
 0.98571000  -0.01481000
 1.00000000   0.00019000
