IEA-15-240-RWT_AF25_Coords
       202   NumCoords         ! Number of coordinates including the reference point.
! x-y coordinate of airfoil reference
0.25        0
! coordinates of airfoil shape
-15.00000000  -240.00000000
 1.00000000   0.00726000
 0.97963000   0.01185000
 0.95926000   0.01637000
 0.93892000   0.02084000
 0.91864000   0.02523000
 0.89843000   0.02986000
 0.87830000   0.03452000
 0.85827000   0.03919000
 0.83835000   0.04388000
 0.81854000   0.04855000
 0.79885000   0.05321000
 0.77931000   0.05783000
 0.75991000   0.06240000
 0.74066000   0.06691000
 0.72158000   0.07135000
 0.70268000   0.07571000
 0.68396000   0.07998000
 0.66543000   0.08414000
 0.64710000   0.08819000
 0.62898000   0.09212000
 0.61107000   0.09593000
 0.59339000   0.09960000
 0.57593000   0.10314000
 0.55871000   0.10652000
 0.54173000   0.10975000
 0.52499000   0.11282000
 0.50851000   0.11573000
 0.49228000   0.11846000
 0.47631000   0.12103000
 0.46060000   0.12342000
 0.44517000   0.12562000
 0.43000000   0.12762000
 0.41511000   0.12964000
 0.40049000   0.13160000
 0.38616000   0.13334000
 0.37210000   0.13484000
 0.35833000   0.13589000
 0.34485000   0.13675000
 0.33165000   0.13740000
 0.31875000   0.13785000
 0.30613000   0.13809000
 0.29381000   0.13810000
 0.28178000   0.13790000
 0.27004000   0.13747000
 0.25860000   0.13681000
 0.24745000   0.13592000
 0.23659000   0.13480000
 0.22603000   0.13360000
 0.21577000   0.13240000
 0.20579000   0.13106000
 0.19611000   0.12958000
 0.18671000   0.12795000
 0.17760000   0.12618000
 0.16878000   0.12427000
 0.16024000   0.12224000
 0.15198000   0.12011000
 0.14399000   0.11787000
 0.13628000   0.11553000
 0.12884000   0.11310000
 0.12166000   0.11059000
 0.11474000   0.10801000
 0.10808000   0.10536000
 0.10167000   0.10265000
 0.09551000   0.09990000
 0.08958000   0.09710000
 0.08390000   0.09425000
 0.07845000   0.09138000
 0.07322000   0.08848000
 0.06822000   0.08556000
 0.06344000   0.08262000
 0.05887000   0.07966000
 0.05450000   0.07670000
 0.05034000   0.07373000
 0.04639000   0.07075000
 0.04263000   0.06778000
 0.03905000   0.06481000
 0.03567000   0.06185000
 0.03248000   0.05888000
 0.02947000   0.05593000
 0.02662000   0.05301000
 0.02389000   0.05015000
 0.02131000   0.04733000
 0.01890000   0.04452000
 0.01665000   0.04174000
 0.01457000   0.03897000
 0.01264000   0.03623000
 0.01086000   0.03352000
 0.00921000   0.03084000
 0.00772000   0.02820000
 0.00635000   0.02560000
 0.00513000   0.02303000
 0.00408000   0.02050000
 0.00315000   0.01800000
 0.00236000   0.01555000
 0.00172000   0.01315000
 0.00116000   0.01081000
 0.00073000   0.00852000
 0.00045000   0.00630000
 0.00022000   0.00413000
 0.00007000   0.00203000
 0.00000000   0.00000000
 0.00008000  -0.00202000
 0.00028000  -0.00412000
 0.00058000  -0.00628000
 0.00094000  -0.00848000
 0.00154000  -0.01074000
 0.00232000  -0.01303000
 0.00319000  -0.01536000
 0.00420000  -0.01773000
 0.00537000  -0.02013000
 0.00666000  -0.02257000
 0.00808000  -0.02504000
 0.00966000  -0.02753000
 0.01138000  -0.03005000
 0.01327000  -0.03258000
 0.01529000  -0.03514000
 0.01743000  -0.03775000
 0.01973000  -0.04038000
 0.02217000  -0.04303000
 0.02477000  -0.04572000
 0.02752000  -0.04843000
 0.03042000  -0.05116000
 0.03349000  -0.05392000
 0.03672000  -0.05671000
 0.04011000  -0.05952000
 0.04367000  -0.06236000
 0.04739000  -0.06525000
 0.05129000  -0.06816000
 0.05538000  -0.07109000
 0.05966000  -0.07402000
 0.06414000  -0.07697000
 0.06882000  -0.07992000
 0.07372000  -0.08286000
 0.07883000  -0.08581000
 0.08416000  -0.08875000
 0.08972000  -0.09167000
 0.09550000  -0.09459000
 0.10153000  -0.09747000
 0.10780000  -0.10032000
 0.11432000  -0.10313000
 0.12110000  -0.10589000
 0.12813000  -0.10860000
 0.13544000  -0.11124000
 0.14302000  -0.11380000
 0.15087000  -0.11629000
 0.15901000  -0.11868000
 0.16743000  -0.12098000
 0.17615000  -0.12315000
 0.18515000  -0.12520000
 0.19446000  -0.12712000
 0.20406000  -0.12889000
 0.21397000  -0.13051000
 0.22417000  -0.13195000
 0.23469000  -0.13347000
 0.24551000  -0.13486000
 0.25664000  -0.13604000
 0.26807000  -0.13697000
 0.27980000  -0.13766000
 0.29185000  -0.13811000
 0.30419000  -0.13832000
 0.31683000  -0.13829000
 0.32976000  -0.13802000
 0.34299000  -0.13736000
 0.35649000  -0.13609000
 0.37028000  -0.13442000
 0.38434000  -0.13237000
 0.39867000  -0.12989000
 0.41325000  -0.12702000
 0.42808000  -0.12372000
 0.44315000  -0.12002000
 0.45846000  -0.11590000
 0.47399000  -0.11195000
 0.48973000  -0.10766000
 0.50568000  -0.10302000
 0.52184000  -0.09805000
 0.53821000  -0.09276000
 0.55477000  -0.08717000
 0.57154000  -0.08132000
 0.58851000  -0.07524000
 0.60570000  -0.06897000
 0.62311000  -0.06256000
 0.64075000  -0.05608000
 0.65864000  -0.04957000
 0.67678000  -0.04312000
 0.69521000  -0.03680000
 0.71391000  -0.03068000
 0.73291000  -0.02483000
 0.75220000  -0.01934000
 0.77179000  -0.01430000
 0.79168000  -0.00985000
 0.81185000  -0.00600000
 0.83227000  -0.00285000
 0.85291000  -0.00058000
 0.87374000   0.00105000
 0.89471000   0.00193000
 0.91579000   0.00209000
 0.93690000   0.00127000
 0.95801000  -0.00044000
 0.97905000  -0.00321000
 1.00000000  -0.00691000
