IEA-15-240-RWT_AF33_Coords
       202   NumCoords         ! Number of coordinates including the reference point.
! x-y coordinate of airfoil reference
0.25        0
! coordinates of airfoil shape
-15.00000000  -240.00000000
 1.00000000   0.00326000
 0.97614000   0.00799000
 0.95231000   0.01282000
 0.92853000   0.01771000
 0.90484000   0.02271000
 0.88126000   0.02760000
 0.85781000   0.03254000
 0.83451000   0.03751000
 0.81139000   0.04249000
 0.78846000   0.04749000
 0.76574000   0.05247000
 0.74325000   0.05741000
 0.72101000   0.06232000
 0.69902000   0.06713000
 0.67730000   0.07185000
 0.65587000   0.07646000
 0.63473000   0.08092000
 0.61391000   0.08524000
 0.59340000   0.08937000
 0.57322000   0.09330000
 0.55337000   0.09704000
 0.53388000   0.10056000
 0.51474000   0.10386000
 0.49597000   0.10694000
 0.47757000   0.10979000
 0.45955000   0.11240000
 0.44191000   0.11476000
 0.42466000   0.11687000
 0.40780000   0.11872000
 0.39134000   0.12031000
 0.37528000   0.12166000
 0.35963000   0.12273000
 0.34437000   0.12338000
 0.32953000   0.12367000
 0.31509000   0.12376000
 0.30106000   0.12360000
 0.28744000   0.12324000
 0.27423000   0.12265000
 0.26143000   0.12184000
 0.24904000   0.12084000
 0.23705000   0.11966000
 0.22546000   0.11828000
 0.21427000   0.11673000
 0.20347000   0.11505000
 0.19306000   0.11324000
 0.18303000   0.11129000
 0.17338000   0.10923000
 0.16409000   0.10707000
 0.15517000   0.10485000
 0.14660000   0.10253000
 0.13838000   0.10019000
 0.13050000   0.09781000
 0.12294000   0.09539000
 0.11571000   0.09293000
 0.10879000   0.09044000
 0.10217000   0.08792000
 0.09585000   0.08540000
 0.08981000   0.08286000
 0.08405000   0.08033000
 0.07856000   0.07779000
 0.07333000   0.07526000
 0.06835000   0.07274000
 0.06362000   0.07023000
 0.05912000   0.06774000
 0.05485000   0.06527000
 0.05079000   0.06282000
 0.04695000   0.06040000
 0.04331000   0.05801000
 0.03988000   0.05564000
 0.03663000   0.05331000
 0.03357000   0.05100000
 0.03068000   0.04873000
 0.02796000   0.04650000
 0.02541000   0.04430000
 0.02302000   0.04213000
 0.02079000   0.04001000
 0.01871000   0.03791000
 0.01677000   0.03586000
 0.01496000   0.03384000
 0.01329000   0.03187000
 0.01174000   0.02993000
 0.01031000   0.02803000
 0.00899000   0.02618000
 0.00777000   0.02438000
 0.00667000   0.02260000
 0.00570000   0.02086000
 0.00481000   0.01916000
 0.00400000   0.01753000
 0.00328000   0.01593000
 0.00268000   0.01437000
 0.00217000   0.01283000
 0.00173000   0.01134000
 0.00140000   0.00988000
 0.00115000   0.00846000
 0.00096000   0.00709000
 0.00080000   0.00577000
 0.00064000   0.00451000
 0.00049000   0.00331000
 0.00035000   0.00215000
 0.00019000   0.00105000
 0.00000000   0.00000000
 0.00020000  -0.00105000
 0.00038000  -0.00215000
 0.00056000  -0.00330000
 0.00075000  -0.00449000
 0.00096000  -0.00575000
 0.00118000  -0.00705000
 0.00145000  -0.00841000
 0.00183000  -0.00980000
 0.00231000  -0.01120000
 0.00292000  -0.01262000
 0.00366000  -0.01404000
 0.00454000  -0.01545000
 0.00557000  -0.01684000
 0.00671000  -0.01826000
 0.00787000  -0.01975000
 0.00913000  -0.02128000
 0.01050000  -0.02281000
 0.01201000  -0.02436000
 0.01362000  -0.02594000
 0.01535000  -0.02755000
 0.01721000  -0.02918000
 0.01921000  -0.03083000
 0.02133000  -0.03252000
 0.02358000  -0.03424000
 0.02597000  -0.03599000
 0.02851000  -0.03776000
 0.03118000  -0.03957000
 0.03402000  -0.04141000
 0.03701000  -0.04328000
 0.04017000  -0.04518000
 0.04351000  -0.04711000
 0.04702000  -0.04907000
 0.05071000  -0.05106000
 0.05460000  -0.05308000
 0.05868000  -0.05513000
 0.06297000  -0.05721000
 0.06747000  -0.05931000
 0.07220000  -0.06144000
 0.07716000  -0.06362000
 0.08236000  -0.06585000
 0.08781000  -0.06810000
 0.09352000  -0.07037000
 0.09949000  -0.07265000
 0.10574000  -0.07495000
 0.11228000  -0.07723000
 0.11911000  -0.07952000
 0.12625000  -0.08180000
 0.13371000  -0.08405000
 0.14149000  -0.08628000
 0.14961000  -0.08849000
 0.15806000  -0.09065000
 0.16687000  -0.09275000
 0.17604000  -0.09479000
 0.18558000  -0.09674000
 0.19550000  -0.09862000
 0.20580000  -0.10038000
 0.21649000  -0.10203000
 0.22757000  -0.10355000
 0.23906000  -0.10493000
 0.25096000  -0.10615000
 0.26326000  -0.10720000
 0.27598000  -0.10806000
 0.28911000  -0.10873000
 0.30266000  -0.10913000
 0.31662000  -0.10933000
 0.33099000  -0.10924000
 0.34577000  -0.10887000
 0.36095000  -0.10820000
 0.37653000  -0.10721000
 0.39249000  -0.10589000
 0.40884000  -0.10364000
 0.42555000  -0.10094000
 0.44261000  -0.09780000
 0.46002000  -0.09419000
 0.47775000  -0.09010000
 0.49580000  -0.08556000
 0.51417000  -0.08058000
 0.53284000  -0.07522000
 0.55182000  -0.06949000
 0.57111000  -0.06346000
 0.59071000  -0.05717000
 0.61064000  -0.05069000
 0.63091000  -0.04412000
 0.65154000  -0.03754000
 0.67254000  -0.03104000
 0.69393000  -0.02476000
 0.71572000  -0.01880000
 0.73792000  -0.01326000
 0.76050000  -0.00823000
 0.78347000  -0.00387000
 0.80681000  -0.00026000
 0.83045000   0.00264000
 0.85434000   0.00460000
 0.87844000   0.00568000
 0.90269000   0.00580000
 0.92703000   0.00498000
 0.95138000   0.00340000
 0.97572000   0.00095000
 1.00000000  -0.00229000
