IEA-15-240-RWT_AF05_Coords
       202   NumCoords         ! Number of coordinates including the reference point.
! x-y coordinate of airfoil reference
0.25        0
! coordinates of airfoil shape
-15.00000000  -240.00000000
 1.00000000   0.00018000
 0.99337000   0.02034000
 0.97680000   0.03982000
 0.95838000   0.05817000
 0.93908000   0.07611000
 0.91934000   0.09379000
 0.89918000   0.11113000
 0.87877000   0.12820000
 0.85791000   0.14477000
 0.83678000   0.16091000
 0.81548000   0.17666000
 0.79389000   0.19149000
 0.77211000   0.20564000
 0.75019000   0.21920000
 0.72821000   0.23224000
 0.70603000   0.24446000
 0.68386000   0.25615000
 0.66159000   0.26703000
 0.63934000   0.27727000
 0.61715000   0.28685000
 0.59500000   0.29572000
 0.57297000   0.30393000
 0.55101000   0.31129000
 0.52920000   0.31793000
 0.50814000   0.32372000
 0.48797000   0.32883000
 0.46807000   0.33315000
 0.44846000   0.33669000
 0.42916000   0.33945000
 0.41022000   0.34174000
 0.39163000   0.34293000
 0.37342000   0.34369000
 0.35561000   0.34373000
 0.33823000   0.34293000
 0.32128000   0.34157000
 0.30480000   0.33951000
 0.28878000   0.33689000
 0.27326000   0.33361000
 0.25823000   0.32983000
 0.24371000   0.32552000
 0.22971000   0.32071000
 0.21627000   0.31532000
 0.20337000   0.30952000
 0.19100000   0.30336000
 0.17914000   0.29695000
 0.16783000   0.29020000
 0.15704000   0.28324000
 0.14679000   0.27601000
 0.13700000   0.26871000
 0.12779000   0.26112000
 0.11902000   0.25352000
 0.11077000   0.24579000
 0.10300000   0.23798000
 0.09570000   0.23015000
 0.08884000   0.22232000
 0.08240000   0.21454000
 0.07632000   0.20687000
 0.07060000   0.19932000
 0.06527000   0.19183000
 0.06031000   0.18443000
 0.05563000   0.17721000
 0.05125000   0.17012000
 0.04716000   0.16318000
 0.04338000   0.15635000
 0.03989000   0.14965000
 0.03662000   0.14313000
 0.03350000   0.13682000
 0.03062000   0.13065000
 0.02795000   0.12463000
 0.02546000   0.11879000
 0.02310000   0.11311000
 0.02094000   0.10757000
 0.01896000   0.10216000
 0.01715000   0.09689000
 0.01552000   0.09174000
 0.01403000   0.08673000
 0.01266000   0.08187000
 0.01142000   0.07715000
 0.01031000   0.07257000
 0.00928000   0.06813000
 0.00827000   0.06383000
 0.00733000   0.05967000
 0.00649000   0.05563000
 0.00575000   0.05169000
 0.00506000   0.04787000
 0.00440000   0.04417000
 0.00377000   0.04058000
 0.00319000   0.03708000
 0.00270000   0.03368000
 0.00228000   0.03038000
 0.00188000   0.02718000
 0.00150000   0.02407000
 0.00117000   0.02106000
 0.00092000   0.01813000
 0.00072000   0.01529000
 0.00054000   0.01253000
 0.00039000   0.00985000
 0.00022000   0.00726000
 0.00009000   0.00474000
 0.00002000   0.00230000
 0.00000000   0.00000000
 0.00001000  -0.00245000
 0.00003000  -0.00491000
 0.00008000  -0.00743000
 0.00014000  -0.01004000
 0.00024000  -0.01272000
 0.00048000  -0.01548000
 0.00075000  -0.01832000
 0.00099000  -0.02126000
 0.00125000  -0.02429000
 0.00156000  -0.02742000
 0.00194000  -0.03063000
 0.00237000  -0.03395000
 0.00284000  -0.03737000
 0.00336000  -0.04089000
 0.00395000  -0.04452000
 0.00462000  -0.04825000
 0.00534000  -0.05210000
 0.00609000  -0.05607000
 0.00688000  -0.06017000
 0.00777000  -0.06440000
 0.00877000  -0.06875000
 0.00986000  -0.07325000
 0.01100000  -0.07790000
 0.01224000  -0.08269000
 0.01362000  -0.08764000
 0.01513000  -0.09273000
 0.01678000  -0.09797000
 0.01861000  -0.10334000
 0.02060000  -0.10887000
 0.02276000  -0.11455000
 0.02514000  -0.12036000
 0.02768000  -0.12635000
 0.03039000  -0.13253000
 0.03329000  -0.13890000
 0.03646000  -0.14541000
 0.03982000  -0.15214000
 0.04341000  -0.15906000
 0.04728000  -0.16614000
 0.05145000  -0.17335000
 0.05605000  -0.18059000
 0.06090000  -0.18803000
 0.06607000  -0.19562000
 0.07172000  -0.20317000
 0.07771000  -0.21086000
 0.08411000  -0.21860000
 0.09089000  -0.22642000
 0.09808000  -0.23430000
 0.10578000  -0.24207000
 0.11393000  -0.24982000
 0.12257000  -0.25746000
 0.13174000  -0.26491000
 0.14138000  -0.27226000
 0.15159000  -0.27931000
 0.16226000  -0.28626000
 0.17349000  -0.29289000
 0.18525000  -0.29924000
 0.19750000  -0.30536000
 0.21033000  -0.31100000
 0.22363000  -0.31647000
 0.23750000  -0.32136000
 0.25186000  -0.32594000
 0.26675000  -0.33001000
 0.28216000  -0.33357000
 0.29806000  -0.33674000
 0.31444000  -0.33939000
 0.33132000  -0.34122000
 0.34867000  -0.34252000
 0.36646000  -0.34319000
 0.38468000  -0.34326000
 0.40330000  -0.34235000
 0.42232000  -0.34091000
 0.44169000  -0.33853000
 0.46138000  -0.33532000
 0.48138000  -0.33136000
 0.50165000  -0.32657000
 0.52209000  -0.32064000
 0.54277000  -0.31403000
 0.56354000  -0.30629000
 0.58533000  -0.29777000
 0.60753000  -0.28827000
 0.62966000  -0.27784000
 0.65172000  -0.26661000
 0.67365000  -0.25455000
 0.69537000  -0.24166000
 0.71683000  -0.22792000
 0.73803000  -0.21340000
 0.75899000  -0.19821000
 0.77960000  -0.18226000
 0.80001000  -0.16578000
 0.82029000  -0.14884000
 0.84041000  -0.13144000
 0.86077000  -0.11402000
 0.88117000  -0.09636000
 0.90189000  -0.07875000
 0.92309000  -0.06143000
 0.94503000  -0.04491000
 0.96767000  -0.03069000
 0.98984000  -0.01772000
 1.00000000   0.00018000
