IEA-15-240-RWT_AF09_Coords
       202   NumCoords         ! Number of coordinates including the reference point.
! x-y coordinate of airfoil reference
0.25        0
! coordinates of airfoil shape
-15.00000000  -240.00000000
 1.00000000   0.00598000
 0.98019000   0.02020000
 0.95564000   0.03222000
 0.93118000   0.04356000
 0.90674000   0.05449000
 0.88241000   0.06524000
 0.85817000   0.07575000
 0.83407000   0.08610000
 0.81006000   0.09608000
 0.78619000   0.10579000
 0.76250000   0.11525000
 0.73898000   0.12434000
 0.71565000   0.13309000
 0.69255000   0.14153000
 0.66970000   0.14966000
 0.64709000   0.15733000
 0.62476000   0.16471000
 0.60271000   0.17162000
 0.58096000   0.17817000
 0.55954000   0.18433000
 0.53844000   0.19006000
 0.51769000   0.19541000
 0.49728000   0.20024000
 0.47724000   0.20463000
 0.45720000   0.20851000
 0.43717000   0.21194000
 0.41752000   0.21488000
 0.39826000   0.21733000
 0.37942000   0.21928000
 0.36103000   0.22088000
 0.34306000   0.22183000
 0.32555000   0.22244000
 0.30850000   0.22258000
 0.29194000   0.22220000
 0.27586000   0.22141000
 0.26029000   0.22017000
 0.24522000   0.21851000
 0.23067000   0.21644000
 0.21664000   0.21398000
 0.20313000   0.21113000
 0.19017000   0.20787000
 0.17776000   0.20418000
 0.16589000   0.20008000
 0.15456000   0.19555000
 0.14375000   0.19051000
 0.13349000   0.18472000
 0.12374000   0.17879000
 0.11453000   0.17451000
 0.10580000   0.17012000
 0.09761000   0.16555000
 0.08987000   0.16089000
 0.08263000   0.15612000
 0.07587000   0.15125000
 0.06956000   0.14633000
 0.06369000   0.14136000
 0.05823000   0.13639000
 0.05313000   0.13141000
 0.04839000   0.12645000
 0.04403000   0.12151000
 0.04002000   0.11661000
 0.03629000   0.11178000
 0.03285000   0.10701000
 0.02969000   0.10232000
 0.02681000   0.09772000
 0.02421000   0.09320000
 0.02180000   0.08878000
 0.01955000   0.08448000
 0.01752000   0.08029000
 0.01567000   0.07620000
 0.01398000   0.07223000
 0.01242000   0.06838000
 0.01101000   0.06466000
 0.00974000   0.06105000
 0.00862000   0.05756000
 0.00763000   0.05418000
 0.00675000   0.05092000
 0.00597000   0.04777000
 0.00530000   0.04473000
 0.00475000   0.04178000
 0.00425000   0.03895000
 0.00377000   0.03622000
 0.00334000   0.03360000
 0.00298000   0.03108000
 0.00268000   0.02866000
 0.00241000   0.02634000
 0.00213000   0.02411000
 0.00184000   0.02198000
 0.00158000   0.01995000
 0.00135000   0.01799000
 0.00116000   0.01612000
 0.00098000   0.01433000
 0.00080000   0.01261000
 0.00064000   0.01096000
 0.00053000   0.00938000
 0.00045000   0.00786000
 0.00037000   0.00641000
 0.00029000   0.00503000
 0.00018000   0.00370000
 0.00009000   0.00243000
 0.00003000   0.00120000
 0.00000000   0.00000000
 0.00002000  -0.00112000
 0.00004000  -0.00234000
 0.00006000  -0.00361000
 0.00009000  -0.00494000
 0.00013000  -0.00634000
 0.00025000  -0.00779000
 0.00037000  -0.00931000
 0.00046000  -0.01090000
 0.00056000  -0.01256000
 0.00068000  -0.01429000
 0.00084000  -0.01610000
 0.00103000  -0.01798000
 0.00123000  -0.01995000
 0.00145000  -0.02201000
 0.00171000  -0.02416000
 0.00200000  -0.02640000
 0.00232000  -0.02873000
 0.00264000  -0.03117000
 0.00300000  -0.03371000
 0.00341000  -0.03635000
 0.00393000  -0.03909000
 0.00451000  -0.04194000
 0.00513000  -0.04489000
 0.00584000  -0.04795000
 0.00666000  -0.05112000
 0.00759000  -0.05440000
 0.00863000  -0.05779000
 0.00981000  -0.06130000
 0.01113000  -0.06492000
 0.01259000  -0.06867000
 0.01423000  -0.07252000
 0.01602000  -0.07648000
 0.01797000  -0.08056000
 0.02011000  -0.08473000
 0.02250000  -0.08899000
 0.02507000  -0.09334000
 0.02786000  -0.09779000
 0.03092000  -0.10231000
 0.03427000  -0.10691000
 0.03800000  -0.11154000
 0.04198000  -0.11625000
 0.04628000  -0.12100000
 0.05102000  -0.12575000
 0.05609000  -0.13053000
 0.06155000  -0.13530000
 0.06740000  -0.14007000
 0.07365000  -0.14483000
 0.08038000  -0.14952000
 0.08754000  -0.15417000
 0.09518000  -0.15874000
 0.10332000  -0.16320000
 0.11193000  -0.16759000
 0.12108000  -0.17182000
 0.13070000  -0.17594000
 0.14085000  -0.17991000
 0.15154000  -0.18634000
 0.16273000  -0.19182000
 0.17448000  -0.19661000
 0.18673000  -0.20098000
 0.19955000  -0.20486000
 0.21289000  -0.20838000
 0.22678000  -0.21148000
 0.24120000  -0.21416000
 0.25615000  -0.21646000
 0.27162000  -0.21832000
 0.28763000  -0.21965000
 0.30414000  -0.22052000
 0.32115000  -0.22089000
 0.33864000  -0.22077000
 0.35660000  -0.21994000
 0.37502000  -0.21864000
 0.39386000  -0.21662000
 0.41311000  -0.21394000
 0.43274000  -0.21062000
 0.45273000  -0.20659000
 0.47301000  -0.20173000
 0.49363000  -0.19629000
 0.51448000  -0.19003000
 0.53509000  -0.18314000
 0.55566000  -0.17551000
 0.57647000  -0.16719000
 0.59752000  -0.15827000
 0.61881000  -0.14873000
 0.64034000  -0.13861000
 0.66209000  -0.12796000
 0.68410000  -0.11686000
 0.70640000  -0.10544000
 0.72900000  -0.09375000
 0.75196000  -0.08203000
 0.77531000  -0.07044000
 0.79906000  -0.05909000
 0.82326000  -0.04830000
 0.84787000  -0.03811000
 0.87293000  -0.02894000
 0.89841000  -0.02118000
 0.92430000  -0.01524000
 0.95058000  -0.00960000
 0.97741000  -0.00690000
 1.00000000   0.00002000
