IEA-15-240-RWT_AF30_Coords
       202   NumCoords         ! Number of coordinates including the reference point.
! x-y coordinate of airfoil reference
0.25        0
! coordinates of airfoil shape
-15.00000000  -240.00000000
 1.00000000   0.00485000
 0.97677000   0.00953000
 0.95356000   0.01421000
 0.93040000   0.01890000
 0.90732000   0.02359000
 0.88434000   0.02843000
 0.86149000   0.03332000
 0.83878000   0.03823000
 0.81623000   0.04314000
 0.79386000   0.04806000
 0.77169000   0.05295000
 0.74972000   0.05781000
 0.72799000   0.06263000
 0.70649000   0.06736000
 0.68525000   0.07199000
 0.66427000   0.07652000
 0.64357000   0.08092000
 0.62316000   0.08518000
 0.60304000   0.08926000
 0.58323000   0.09318000
 0.56374000   0.09690000
 0.54457000   0.10043000
 0.52574000   0.10376000
 0.50725000   0.10688000
 0.48911000   0.10979000
 0.47132000   0.11248000
 0.45389000   0.11493000
 0.43683000   0.11716000
 0.42014000   0.11914000
 0.40382000   0.12089000
 0.38787000   0.12241000
 0.37231000   0.12368000
 0.35713000   0.12482000
 0.34233000   0.12575000
 0.32791000   0.12641000
 0.31389000   0.12678000
 0.30025000   0.12691000
 0.28699000   0.12683000
 0.27413000   0.12652000
 0.26165000   0.12600000
 0.24955000   0.12530000
 0.23784000   0.12443000
 0.22650000   0.12340000
 0.21554000   0.12222000
 0.20494000   0.12090000
 0.19472000   0.11945000
 0.18485000   0.11789000
 0.17534000   0.11615000
 0.16618000   0.11421000
 0.15736000   0.11217000
 0.14888000   0.11004000
 0.14072000   0.10781000
 0.13289000   0.10551000
 0.12537000   0.10314000
 0.11816000   0.10071000
 0.11124000   0.09823000
 0.10462000   0.09571000
 0.09828000   0.09314000
 0.09221000   0.09055000
 0.08642000   0.08793000
 0.08088000   0.08530000
 0.07559000   0.08265000
 0.07055000   0.08000000
 0.06575000   0.07734000
 0.06117000   0.07470000
 0.05682000   0.07205000
 0.05268000   0.06942000
 0.04875000   0.06679000
 0.04503000   0.06418000
 0.04150000   0.06159000
 0.03816000   0.05902000
 0.03500000   0.05648000
 0.03201000   0.05397000
 0.02920000   0.05148000
 0.02656000   0.04901000
 0.02409000   0.04657000
 0.02177000   0.04416000
 0.01960000   0.04179000
 0.01757000   0.03946000
 0.01568000   0.03717000
 0.01391000   0.03492000
 0.01228000   0.03272000
 0.01075000   0.03057000
 0.00935000   0.02847000
 0.00807000   0.02640000
 0.00692000   0.02436000
 0.00588000   0.02238000
 0.00492000   0.02045000
 0.00406000   0.01856000
 0.00332000   0.01672000
 0.00269000   0.01492000
 0.00214000   0.01319000
 0.00170000   0.01150000
 0.00136000   0.00986000
 0.00108000   0.00828000
 0.00084000   0.00676000
 0.00063000   0.00530000
 0.00046000   0.00389000
 0.00029000   0.00254000
 0.00013000   0.00124000
 0.00000000   0.00000000
 0.00014000  -0.00124000
 0.00033000  -0.00254000
 0.00054000  -0.00389000
 0.00077000  -0.00529000
 0.00105000  -0.00674000
 0.00138000  -0.00825000
 0.00177000  -0.00982000
 0.00225000  -0.01142000
 0.00286000  -0.01308000
 0.00360000  -0.01477000
 0.00446000  -0.01649000
 0.00547000  -0.01823000
 0.00663000  -0.01999000
 0.00791000  -0.02176000
 0.00923000  -0.02362000
 0.01066000  -0.02552000
 0.01221000  -0.02745000
 0.01388000  -0.02941000
 0.01568000  -0.03140000
 0.01760000  -0.03342000
 0.01966000  -0.03547000
 0.02186000  -0.03754000
 0.02419000  -0.03965000
 0.02666000  -0.04180000
 0.02927000  -0.04399000
 0.03202000  -0.04621000
 0.03493000  -0.04847000
 0.03800000  -0.05076000
 0.04123000  -0.05308000
 0.04464000  -0.05544000
 0.04822000  -0.05782000
 0.05199000  -0.06023000
 0.05595000  -0.06267000
 0.06010000  -0.06514000
 0.06445000  -0.06763000
 0.06902000  -0.07014000
 0.07380000  -0.07267000
 0.07881000  -0.07521000
 0.08406000  -0.07776000
 0.08954000  -0.08031000
 0.09528000  -0.08286000
 0.10128000  -0.08540000
 0.10754000  -0.08793000
 0.11409000  -0.09044000
 0.12091000  -0.09291000
 0.12803000  -0.09535000
 0.13546000  -0.09774000
 0.14319000  -0.10007000
 0.15125000  -0.10233000
 0.15963000  -0.10452000
 0.16834000  -0.10661000
 0.17740000  -0.10861000
 0.18681000  -0.11037000
 0.19657000  -0.11198000
 0.20670000  -0.11346000
 0.21720000  -0.11480000
 0.22807000  -0.11599000
 0.23933000  -0.11700000
 0.25096000  -0.11782000
 0.26298000  -0.11845000
 0.27539000  -0.11886000
 0.28819000  -0.11903000
 0.30138000  -0.11895000
 0.31497000  -0.11857000
 0.32894000  -0.11790000
 0.34329000  -0.11690000
 0.35803000  -0.11555000
 0.37314000  -0.11383000
 0.38862000  -0.11169000
 0.40446000  -0.10912000
 0.42065000  -0.10646000
 0.43718000  -0.10339000
 0.45404000  -0.09988000
 0.47121000  -0.09595000
 0.48870000  -0.09157000
 0.50647000  -0.08676000
 0.52454000  -0.08155000
 0.54290000  -0.07598000
 0.56156000  -0.07007000
 0.58050000  -0.06388000
 0.59975000  -0.05747000
 0.61931000  -0.05090000
 0.63919000  -0.04425000
 0.65942000  -0.03761000
 0.68000000  -0.03110000
 0.70096000  -0.02480000
 0.72231000  -0.01885000
 0.74403000  -0.01333000
 0.76613000  -0.00836000
 0.78861000  -0.00408000
 0.81142000  -0.00060000
 0.83452000   0.00205000
 0.85786000   0.00398000
 0.88140000   0.00509000
 0.90507000   0.00516000
 0.92882000   0.00418000
 0.95258000   0.00236000
 0.97632000  -0.00036000
 1.00000000  -0.00393000
