IEA-15-240-RWT_AF36_Coords
       202   NumCoords         ! Number of coordinates including the reference point.
! x-y coordinate of airfoil reference
0.25        0
! coordinates of airfoil shape
-15.00000000  -240.00000000
 1.00000000   0.00141000
 0.97616000   0.00558000
 0.95236000   0.00989000
 0.92862000   0.01428000
 0.90498000   0.01882000
 0.88146000   0.02344000
 0.85808000   0.02814000
 0.83485000   0.03290000
 0.81180000   0.03771000
 0.78895000   0.04256000
 0.76632000   0.04744000
 0.74393000   0.05232000
 0.72178000   0.05719000
 0.69990000   0.06199000
 0.67829000   0.06672000
 0.65696000   0.07134000
 0.63594000   0.07584000
 0.61523000   0.08021000
 0.59483000   0.08439000
 0.57476000   0.08837000
 0.55502000   0.09214000
 0.53563000   0.09570000
 0.51660000   0.09906000
 0.49792000   0.10214000
 0.47963000   0.10505000
 0.46171000   0.10774000
 0.44416000   0.11011000
 0.42701000   0.11228000
 0.41024000   0.11411000
 0.39387000   0.11574000
 0.37789000   0.11709000
 0.36231000   0.11815000
 0.34714000   0.11891000
 0.33237000   0.11943000
 0.31801000   0.11961000
 0.30406000   0.11954000
 0.29051000   0.11923000
 0.27738000   0.11860000
 0.26465000   0.11778000
 0.25233000   0.11677000
 0.24042000   0.11555000
 0.22890000   0.11412000
 0.21780000   0.11249000
 0.20707000   0.11075000
 0.19673000   0.10890000
 0.18678000   0.10693000
 0.17719000   0.10484000
 0.16797000   0.10266000
 0.15910000   0.10047000
 0.15059000   0.09815000
 0.14242000   0.09583000
 0.13457000   0.09351000
 0.12705000   0.09116000
 0.11984000   0.08876000
 0.11294000   0.08635000
 0.10634000   0.08392000
 0.10002000   0.08148000
 0.09398000   0.07904000
 0.08821000   0.07662000
 0.08270000   0.07419000
 0.07745000   0.07178000
 0.07244000   0.06937000
 0.06766000   0.06699000
 0.06312000   0.06462000
 0.05879000   0.06228000
 0.05468000   0.05996000
 0.05077000   0.05767000
 0.04705000   0.05541000
 0.04353000   0.05318000
 0.04020000   0.05098000
 0.03704000   0.04880000
 0.03406000   0.04666000
 0.03123000   0.04456000
 0.02857000   0.04249000
 0.02607000   0.04045000
 0.02370000   0.03845000
 0.02149000   0.03649000
 0.01941000   0.03455000
 0.01747000   0.03265000
 0.01565000   0.03079000
 0.01395000   0.02896000
 0.01238000   0.02717000
 0.01091000   0.02541000
 0.00955000   0.02369000
 0.00831000   0.02201000
 0.00718000   0.02035000
 0.00615000   0.01872000
 0.00517000   0.01716000
 0.00429000   0.01564000
 0.00353000   0.01414000
 0.00288000   0.01265000
 0.00232000   0.01119000
 0.00187000   0.00977000
 0.00155000   0.00837000
 0.00129000   0.00701000
 0.00107000   0.00571000
 0.00086000   0.00446000
 0.00065000   0.00327000
 0.00044000   0.00213000
 0.00023000   0.00104000
 0.00000000   0.00000000
 0.00024000  -0.00104000
 0.00048000  -0.00212000
 0.00072000  -0.00325000
 0.00098000  -0.00444000
 0.00124000  -0.00568000
 0.00152000  -0.00697000
 0.00187000  -0.00830000
 0.00234000  -0.00966000
 0.00295000  -0.01102000
 0.00372000  -0.01237000
 0.00461000  -0.01371000
 0.00566000  -0.01502000
 0.00686000  -0.01630000
 0.00815000  -0.01760000
 0.00950000  -0.01896000
 0.01094000  -0.02034000
 0.01251000  -0.02172000
 0.01419000  -0.02310000
 0.01599000  -0.02451000
 0.01789000  -0.02595000
 0.01992000  -0.02740000
 0.02208000  -0.02886000
 0.02436000  -0.03035000
 0.02677000  -0.03186000
 0.02932000  -0.03340000
 0.03201000  -0.03495000
 0.03484000  -0.03653000
 0.03783000  -0.03813000
 0.04097000  -0.03975000
 0.04428000  -0.04139000
 0.04775000  -0.04306000
 0.05140000  -0.04475000
 0.05523000  -0.04646000
 0.05925000  -0.04818000
 0.06346000  -0.04993000
 0.06787000  -0.05171000
 0.07249000  -0.05350000
 0.07733000  -0.05531000
 0.08239000  -0.05717000
 0.08769000  -0.05909000
 0.09323000  -0.06102000
 0.09902000  -0.06297000
 0.10506000  -0.06493000
 0.11138000  -0.06690000
 0.11797000  -0.06886000
 0.12485000  -0.07082000
 0.13202000  -0.07277000
 0.13950000  -0.07471000
 0.14729000  -0.07663000
 0.15540000  -0.07852000
 0.16384000  -0.08038000
 0.17262000  -0.08219000
 0.18175000  -0.08395000
 0.19123000  -0.08564000
 0.20109000  -0.08724000
 0.21131000  -0.08875000
 0.22191000  -0.09017000
 0.23290000  -0.09147000
 0.24429000  -0.09264000
 0.25606000  -0.09367000
 0.26824000  -0.09454000
 0.28083000  -0.09523000
 0.29383000  -0.09572000
 0.30723000  -0.09595000
 0.32104000  -0.09601000
 0.33527000  -0.09575000
 0.34990000  -0.09519000
 0.36493000  -0.09433000
 0.38036000  -0.09312000
 0.39617000  -0.09155000
 0.41237000  -0.08956000
 0.42894000  -0.08714000
 0.44586000  -0.08429000
 0.46313000  -0.08100000
 0.48073000  -0.07726000
 0.49866000  -0.07308000
 0.51691000  -0.06853000
 0.53549000  -0.06366000
 0.55440000  -0.05851000
 0.57364000  -0.05314000
 0.59322000  -0.04757000
 0.61314000  -0.04190000
 0.63341000  -0.03619000
 0.65405000  -0.03053000
 0.67506000  -0.02500000
 0.69644000  -0.01969000
 0.71821000  -0.01469000
 0.74033000  -0.01005000
 0.76282000  -0.00585000
 0.78564000  -0.00215000
 0.80877000   0.00091000
 0.83218000   0.00332000
 0.85583000   0.00502000
 0.87967000   0.00593000
 0.90365000   0.00603000
 0.92771000   0.00528000
 0.95181000   0.00393000
 0.97592000   0.00191000
 1.00000000  -0.00073000
