IEA-15-240-RWT_AF20_Coords
       202   NumCoords         ! Number of coordinates including the reference point.
! x-y coordinate of airfoil reference
0.25        0
! coordinates of airfoil shape
-15.00000000  -240.00000000
 1.00000000   0.00994000
 0.97725000   0.01519000
 0.95450000   0.02054000
 0.93180000   0.02596000
 0.90918000   0.03147000
 0.88666000   0.03704000
 0.86426000   0.04264000
 0.84200000   0.04826000
 0.81988000   0.05386000
 0.79792000   0.05942000
 0.77614000   0.06491000
 0.75454000   0.07034000
 0.73315000   0.07566000
 0.71198000   0.08087000
 0.69103000   0.08596000
 0.67032000   0.09090000
 0.64987000   0.09569000
 0.62968000   0.10033000
 0.60977000   0.10479000
 0.59014000   0.10909000
 0.57082000   0.11320000
 0.55179000   0.11713000
 0.53308000   0.12087000
 0.51469000   0.12441000
 0.49663000   0.12772000
 0.47890000   0.13082000
 0.46150000   0.13368000
 0.44444000   0.13631000
 0.42773000   0.13871000
 0.41137000   0.14087000
 0.39537000   0.14279000
 0.37971000   0.14446000
 0.36442000   0.14589000
 0.34949000   0.14708000
 0.33492000   0.14804000
 0.32071000   0.14874000
 0.30687000   0.14952000
 0.29340000   0.14999000
 0.28029000   0.15010000
 0.26755000   0.14990000
 0.25517000   0.14942000
 0.24317000   0.14867000
 0.23153000   0.14766000
 0.22025000   0.14641000
 0.20934000   0.14497000
 0.19879000   0.14335000
 0.18860000   0.14144000
 0.17877000   0.13927000
 0.16929000   0.13721000
 0.16016000   0.13501000
 0.15136000   0.13268000
 0.14291000   0.13022000
 0.13478000   0.12765000
 0.12698000   0.12498000
 0.11950000   0.12222000
 0.11233000   0.11938000
 0.10546000   0.11648000
 0.09889000   0.11350000
 0.09261000   0.11048000
 0.08661000   0.10741000
 0.08088000   0.10431000
 0.07542000   0.10118000
 0.07022000   0.09802000
 0.06527000   0.09484000
 0.06056000   0.09166000
 0.05610000   0.08847000
 0.05186000   0.08529000
 0.04785000   0.08211000
 0.04405000   0.07894000
 0.04047000   0.07579000
 0.03709000   0.07266000
 0.03390000   0.06954000
 0.03091000   0.06645000
 0.02811000   0.06340000
 0.02548000   0.06037000
 0.02302000   0.05738000
 0.02073000   0.05444000
 0.01860000   0.05153000
 0.01661000   0.04868000
 0.01477000   0.04587000
 0.01307000   0.04311000
 0.01151000   0.04040000
 0.01007000   0.03774000
 0.00875000   0.03515000
 0.00755000   0.03260000
 0.00647000   0.03011000
 0.00549000   0.02768000
 0.00457000   0.02532000
 0.00376000   0.02302000
 0.00306000   0.02077000
 0.00247000   0.01858000
 0.00197000   0.01644000
 0.00157000   0.01436000
 0.00125000   0.01235000
 0.00097000   0.01039000
 0.00075000   0.00851000
 0.00054000   0.00668000
 0.00036000   0.00492000
 0.00021000   0.00322000
 0.00009000   0.00157000
 0.00000000   0.00000000
 0.00010000  -0.00160000
 0.00021000  -0.00325000
 0.00036000  -0.00496000
 0.00055000  -0.00672000
 0.00076000  -0.00855000
 0.00101000  -0.01044000
 0.00130000  -0.01240000
 0.00167000  -0.01442000
 0.00212000  -0.01649000
 0.00268000  -0.01863000
 0.00333000  -0.02082000
 0.00410000  -0.02306000
 0.00500000  -0.02535000
 0.00599000  -0.02770000
 0.00706000  -0.03011000
 0.00824000  -0.03259000
 0.00954000  -0.03511000
 0.01098000  -0.03769000
 0.01254000  -0.04031000
 0.01423000  -0.04299000
 0.01607000  -0.04571000
 0.01806000  -0.04847000
 0.02020000  -0.05128000
 0.02249000  -0.05413000
 0.02494000  -0.05702000
 0.02756000  -0.05995000
 0.03035000  -0.06292000
 0.03332000  -0.06592000
 0.03648000  -0.06895000
 0.03983000  -0.07201000
 0.04337000  -0.07510000
 0.04712000  -0.07821000
 0.05107000  -0.08135000
 0.05524000  -0.08451000
 0.05963000  -0.08768000
 0.06425000  -0.09087000
 0.06910000  -0.09407000
 0.07420000  -0.09727000
 0.07955000  -0.10046000
 0.08516000  -0.10365000
 0.09104000  -0.10683000
 0.09720000  -0.10998000
 0.10363000  -0.11311000
 0.11037000  -0.11620000
 0.11740000  -0.11924000
 0.12474000  -0.12223000
 0.13241000  -0.12516000
 0.14040000  -0.12799000
 0.14872000  -0.13074000
 0.15739000  -0.13338000
 0.16641000  -0.13590000
 0.17578000  -0.13828000
 0.18552000  -0.14088000
 0.19562000  -0.14342000
 0.20609000  -0.14569000
 0.21694000  -0.14731000
 0.22817000  -0.14872000
 0.23978000  -0.14989000
 0.25177000  -0.15077000
 0.26414000  -0.15129000
 0.27690000  -0.15137000
 0.29003000  -0.15120000
 0.30355000  -0.15106000
 0.31743000  -0.15057000
 0.33169000  -0.14974000
 0.34632000  -0.14855000
 0.36130000  -0.14699000
 0.37664000  -0.14504000
 0.39232000  -0.14268000
 0.40833000  -0.13990000
 0.42467000  -0.13669000
 0.44133000  -0.13304000
 0.45828000  -0.12894000
 0.47553000  -0.12440000
 0.49306000  -0.11941000
 0.51086000  -0.11398000
 0.52893000  -0.10811000
 0.54725000  -0.10185000
 0.56582000  -0.09521000
 0.58464000  -0.08823000
 0.60373000  -0.08096000
 0.62308000  -0.07346000
 0.64271000  -0.06581000
 0.66265000  -0.05809000
 0.68291000  -0.05039000
 0.70351000  -0.04281000
 0.72448000  -0.03549000
 0.74583000  -0.02853000
 0.76757000  -0.02204000
 0.78970000  -0.01615000
 0.81222000  -0.01102000
 0.83509000  -0.00677000
 0.85828000  -0.00344000
 0.88173000  -0.00117000
 0.90537000  -0.00023000
 0.92913000  -0.00042000
 0.95290000  -0.00187000
 0.97656000  -0.00528000
 1.00000000  -0.01016000
