IEA-15-240-RWT_AF16_Coords
       202   NumCoords         ! Number of coordinates including the reference point.
! x-y coordinate of airfoil reference
0.25        0
! coordinates of airfoil shape
-15.00000000  -240.00000000
 1.00000000   0.01166000
 0.98279000   0.01607000
 0.96558000   0.02046000
 0.94837000   0.02484000
 0.93118000   0.02919000
 0.91404000   0.03359000
 0.89695000   0.03803000
 0.87991000   0.04249000
 0.86292000   0.04696000
 0.84600000   0.05144000
 0.82914000   0.05593000
 0.81236000   0.06040000
 0.79565000   0.06484000
 0.77903000   0.06925000
 0.76249000   0.07364000
 0.74604000   0.07798000
 0.72970000   0.08228000
 0.71345000   0.08652000
 0.69731000   0.09070000
 0.68128000   0.09481000
 0.66536000   0.09886000
 0.64957000   0.10282000
 0.63389000   0.10671000
 0.61835000   0.11053000
 0.60294000   0.11424000
 0.58766000   0.11788000
 0.57253000   0.12141000
 0.55754000   0.12484000
 0.54269000   0.12817000
 0.52799000   0.13140000
 0.51345000   0.13451000
 0.49906000   0.13750000
 0.48483000   0.14038000
 0.47076000   0.14312000
 0.45685000   0.14574000
 0.44311000   0.14820000
 0.42953000   0.15062000
 0.41611000   0.15287000
 0.40287000   0.15494000
 0.38980000   0.15685000
 0.37691000   0.15857000
 0.36419000   0.16010000
 0.35165000   0.16142000
 0.33929000   0.16255000
 0.32712000   0.16347000
 0.31513000   0.16417000
 0.30333000   0.16470000
 0.29172000   0.16517000
 0.28030000   0.16545000
 0.26908000   0.16553000
 0.25805000   0.16543000
 0.24723000   0.16512000
 0.23660000   0.16464000
 0.22619000   0.16395000
 0.21598000   0.16307000
 0.20599000   0.16199000
 0.19621000   0.16071000
 0.18666000   0.15923000
 0.17733000   0.15755000
 0.16823000   0.15567000
 0.15936000   0.15361000
 0.15073000   0.15135000
 0.14233000   0.14891000
 0.13417000   0.14631000
 0.12626000   0.14354000
 0.11859000   0.14061000
 0.11117000   0.13753000
 0.10400000   0.13430000
 0.09709000   0.13093000
 0.09042000   0.12743000
 0.08401000   0.12380000
 0.07786000   0.12007000
 0.07196000   0.11622000
 0.06632000   0.11228000
 0.06093000   0.10825000
 0.05580000   0.10413000
 0.05092000   0.09996000
 0.04628000   0.09573000
 0.04189000   0.09144000
 0.03774000   0.08712000
 0.03384000   0.08277000
 0.03017000   0.07839000
 0.02675000   0.07398000
 0.02355000   0.06958000
 0.02058000   0.06517000
 0.01782000   0.06078000
 0.01528000   0.05640000
 0.01294000   0.05205000
 0.01082000   0.04773000
 0.00890000   0.04344000
 0.00725000   0.03917000
 0.00582000   0.03493000
 0.00463000   0.03074000
 0.00361000   0.02661000
 0.00275000   0.02256000
 0.00200000   0.01858000
 0.00134000   0.01470000
 0.00076000   0.01090000
 0.00039000   0.00719000
 0.00011000   0.00355000
 0.00000000   0.00000000
 0.00012000  -0.00355000
 0.00038000  -0.00719000
 0.00075000  -0.01091000
 0.00135000  -0.01472000
 0.00204000  -0.01861000
 0.00283000  -0.02258000
 0.00379000  -0.02662000
 0.00497000  -0.03073000
 0.00634000  -0.03488000
 0.00795000  -0.03908000
 0.00977000  -0.04331000
 0.01184000  -0.04757000
 0.01412000  -0.05184000
 0.01663000  -0.05614000
 0.01934000  -0.06046000
 0.02227000  -0.06479000
 0.02543000  -0.06912000
 0.02882000  -0.07344000
 0.03245000  -0.07774000
 0.03634000  -0.08201000
 0.04046000  -0.08624000
 0.04483000  -0.09044000
 0.04944000  -0.09459000
 0.05429000  -0.09868000
 0.05939000  -0.10273000
 0.06473000  -0.10671000
 0.07032000  -0.11061000
 0.07616000  -0.11443000
 0.08226000  -0.11816000
 0.08860000  -0.12179000
 0.09519000  -0.12532000
 0.10203000  -0.12874000
 0.10912000  -0.13204000
 0.11645000  -0.13523000
 0.12403000  -0.13829000
 0.13184000  -0.14122000
 0.13991000  -0.14403000
 0.14821000  -0.14668000
 0.15676000  -0.14919000
 0.16554000  -0.15155000
 0.17456000  -0.15373000
 0.18382000  -0.15576000
 0.19332000  -0.15761000
 0.20304000  -0.15928000
 0.21300000  -0.16077000
 0.22318000  -0.16207000
 0.23359000  -0.16316000
 0.24422000  -0.16404000
 0.25507000  -0.16471000
 0.26614000  -0.16516000
 0.27741000  -0.16536000
 0.28890000  -0.16534000
 0.30058000  -0.16507000
 0.31247000  -0.16455000
 0.32454000  -0.16377000
 0.33681000  -0.16288000
 0.34925000  -0.16166000
 0.36188000  -0.16013000
 0.37467000  -0.15827000
 0.38762000  -0.15607000
 0.40074000  -0.15354000
 0.41400000  -0.15073000
 0.42740000  -0.14772000
 0.44094000  -0.14443000
 0.45460000  -0.14082000
 0.46839000  -0.13693000
 0.48230000  -0.13276000
 0.49633000  -0.12833000
 0.51047000  -0.12364000
 0.52472000  -0.11870000
 0.53909000  -0.11353000
 0.55356000  -0.10813000
 0.56813000  -0.10252000
 0.58282000  -0.09674000
 0.59762000  -0.09078000
 0.61254000  -0.08469000
 0.62759000  -0.07852000
 0.64278000  -0.07227000
 0.65811000  -0.06598000
 0.67360000  -0.05970000
 0.68925000  -0.05347000
 0.70509000  -0.04734000
 0.72111000  -0.04138000
 0.73734000  -0.03562000
 0.75377000  -0.03011000
 0.77042000  -0.02493000
 0.78729000  -0.02013000
 0.80437000  -0.01577000
 0.82164000  -0.01188000
 0.83911000  -0.00852000
 0.85674000  -0.00572000
 0.87453000  -0.00360000
 0.89245000  -0.00220000
 0.91046000  -0.00158000
 0.92852000  -0.00181000
 0.94658000  -0.00281000
 0.96459000  -0.00488000
 0.98243000  -0.00814000
 1.00000000  -0.01243000
