IEA-15-240-RWT_AF07_Coords
       202   NumCoords         ! Number of coordinates including the reference point.
! x-y coordinate of airfoil reference
0.25        0
! coordinates of airfoil shape
-15.00000000  -240.00000000
 1.00000000   0.00019000
 0.98631000   0.02008000
 0.96352000   0.03496000
 0.94018000   0.04912000
 0.91651000   0.06274000
 0.89277000   0.07609000
 0.86896000   0.08909000
 0.84518000   0.10185000
 0.82130000   0.11407000
 0.79744000   0.12589000
 0.77366000   0.13739000
 0.74990000   0.14835000
 0.72623000   0.15884000
 0.70268000   0.16889000
 0.67931000   0.17855000
 0.65603000   0.18757000
 0.63298000   0.19620000
 0.61009000   0.20421000
 0.58744000   0.21174000
 0.56505000   0.21878000
 0.54292000   0.22527000
 0.52110000   0.23128000
 0.49955000   0.23663000
 0.47832000   0.24143000
 0.45755000   0.24559000
 0.43729000   0.24921000
 0.41742000   0.25223000
 0.39794000   0.25465000
 0.37888000   0.25647000
 0.36026000   0.25793000
 0.34208000   0.25854000
 0.32436000   0.25882000
 0.30711000   0.25855000
 0.29036000   0.25763000
 0.27410000   0.25628000
 0.25836000   0.25440000
 0.24314000   0.25208000
 0.22846000   0.24927000
 0.21431000   0.24606000
 0.20070000   0.24246000
 0.18766000   0.23845000
 0.17519000   0.23402000
 0.16329000   0.22926000
 0.15194000   0.22423000
 0.14112000   0.21899000
 0.13087000   0.21350000
 0.12115000   0.20784000
 0.11198000   0.20197000
 0.10329000   0.19606000
 0.09518000   0.18993000
 0.08751000   0.18381000
 0.08036000   0.17759000
 0.07370000   0.17132000
 0.06750000   0.16504000
 0.06175000   0.15878000
 0.05640000   0.15257000
 0.05141000   0.14645000
 0.04679000   0.14042000
 0.04254000   0.13447000
 0.03864000   0.12861000
 0.03501000   0.12290000
 0.03168000   0.11732000
 0.02861000   0.11187000
 0.02584000   0.10654000
 0.02333000   0.10135000
 0.02101000   0.09631000
 0.01884000   0.09146000
 0.01687000   0.08676000
 0.01510000   0.08219000
 0.01346000   0.07779000
 0.01195000   0.07355000
 0.01059000   0.06945000
 0.00938000   0.06548000
 0.00830000   0.06165000
 0.00736000   0.05795000
 0.00654000   0.05439000
 0.00580000   0.05096000
 0.00518000   0.04766000
 0.00466000   0.04448000
 0.00419000   0.04143000
 0.00372000   0.03852000
 0.00329000   0.03572000
 0.00294000   0.03304000
 0.00265000   0.03046000
 0.00238000   0.02799000
 0.00210000   0.02562000
 0.00180000   0.02336000
 0.00154000   0.02119000
 0.00132000   0.01910000
 0.00114000   0.01710000
 0.00096000   0.01519000
 0.00078000   0.01336000
 0.00062000   0.01161000
 0.00052000   0.00992000
 0.00044000   0.00831000
 0.00037000   0.00677000
 0.00028000   0.00529000
 0.00017000   0.00388000
 0.00007000   0.00252000
 0.00002000   0.00123000
 0.00000000   0.00000000
 0.00000000  -0.00126000
 0.00001000  -0.00256000
 0.00003000  -0.00392000
 0.00005000  -0.00534000
 0.00008000  -0.00682000
 0.00021000  -0.00837000
 0.00034000  -0.00998000
 0.00043000  -0.01167000
 0.00052000  -0.01344000
 0.00063000  -0.01529000
 0.00079000  -0.01721000
 0.00097000  -0.01922000
 0.00116000  -0.02132000
 0.00138000  -0.02351000
 0.00162000  -0.02580000
 0.00191000  -0.02819000
 0.00223000  -0.03068000
 0.00254000  -0.03328000
 0.00287000  -0.03600000
 0.00326000  -0.03883000
 0.00375000  -0.04178000
 0.00429000  -0.04485000
 0.00486000  -0.04807000
 0.00551000  -0.05141000
 0.00627000  -0.05488000
 0.00713000  -0.05850000
 0.00810000  -0.06225000
 0.00921000  -0.06613000
 0.01046000  -0.07016000
 0.01184000  -0.07434000
 0.01341000  -0.07865000
 0.01512000  -0.08312000
 0.01697000  -0.08775000
 0.01900000  -0.09255000
 0.02127000  -0.09748000
 0.02372000  -0.10258000
 0.02638000  -0.10785000
 0.02930000  -0.11326000
 0.03250000  -0.11880000
 0.03611000  -0.12438000
 0.03995000  -0.13014000
 0.04410000  -0.13603000
 0.04871000  -0.14191000
 0.05365000  -0.14791000
 0.05899000  -0.15397000
 0.06471000  -0.16009000
 0.07083000  -0.16628000
 0.07744000  -0.17241000
 0.08450000  -0.17855000
 0.09205000  -0.18462000
 0.10012000  -0.19058000
 0.10867000  -0.19649000
 0.11778000  -0.20220000
 0.12737000  -0.20784000
 0.13752000  -0.21328000
 0.14821000  -0.21851000
 0.15942000  -0.22359000
 0.17122000  -0.22832000
 0.18352000  -0.23293000
 0.19641000  -0.23712000
 0.20983000  -0.24106000
 0.22382000  -0.24462000
 0.23836000  -0.24778000
 0.25344000  -0.25061000
 0.26906000  -0.25304000
 0.28523000  -0.25482000
 0.30192000  -0.25616000
 0.31912000  -0.25698000
 0.33681000  -0.25731000
 0.35499000  -0.25681000
 0.37364000  -0.25588000
 0.39272000  -0.25413000
 0.41221000  -0.25168000
 0.43210000  -0.24857000
 0.45234000  -0.24472000
 0.47287000  -0.23990000
 0.49374000  -0.23449000
 0.51483000  -0.22811000
 0.53638000  -0.22107000
 0.55820000  -0.21318000
 0.58016000  -0.20451000
 0.60229000  -0.19516000
 0.62453000  -0.18513000
 0.64686000  -0.17441000
 0.66924000  -0.16303000
 0.69169000  -0.15106000
 0.71425000  -0.13865000
 0.73686000  -0.12575000
 0.75963000  -0.11260000
 0.78264000  -0.09933000
 0.80586000  -0.08598000
 0.82953000  -0.07298000
 0.85354000  -0.06018000
 0.87806000  -0.04796000
 0.90316000  -0.03657000
 0.92897000  -0.02651000
 0.95551000  -0.01844000
 0.98241000  -0.01231000
 1.00000000   0.00019000
