IEA-15-240-RWT_AF47_Coords
       202   NumCoords         ! Number of coordinates including the reference point.
! x-y coordinate of airfoil reference
0.25        0
! coordinates of airfoil shape
-15.00000000  -240.00000000
 1.00000000   0.00094000
 0.97617000   0.00493000
 0.95238000   0.00907000
 0.92867000   0.01332000
 0.90506000   0.01772000
 0.88157000   0.02223000
 0.85822000   0.02683000
 0.83503000   0.03151000
 0.81202000   0.03623000
 0.78921000   0.04101000
 0.76663000   0.04583000
 0.74428000   0.05066000
 0.72219000   0.05549000
 0.70036000   0.06025000
 0.67881000   0.06497000
 0.65754000   0.06957000
 0.63657000   0.07406000
 0.61592000   0.07844000
 0.59558000   0.08262000
 0.57556000   0.08660000
 0.55588000   0.09038000
 0.53655000   0.09397000
 0.51757000   0.09735000
 0.49895000   0.10045000
 0.48070000   0.10340000
 0.46284000   0.10613000
 0.44534000   0.10854000
 0.42824000   0.11076000
 0.41151000   0.11263000
 0.39519000   0.11431000
 0.37925000   0.11571000
 0.36372000   0.11683000
 0.34859000   0.11765000
 0.33386000   0.11825000
 0.31954000   0.11850000
 0.30562000   0.11849000
 0.29212000   0.11825000
 0.27902000   0.11766000
 0.26634000   0.11691000
 0.25405000   0.11596000
 0.24218000   0.11480000
 0.23071000   0.11342000
 0.21964000   0.11184000
 0.20896000   0.11016000
 0.19866000   0.10837000
 0.18874000   0.10646000
 0.17919000   0.10443000
 0.17001000   0.10231000
 0.16116000   0.10019000
 0.15268000   0.09793000
 0.14453000   0.09563000
 0.13671000   0.09332000
 0.12920000   0.09097000
 0.12201000   0.08858000
 0.11512000   0.08617000
 0.10852000   0.08374000
 0.10221000   0.08130000
 0.09617000   0.07888000
 0.09039000   0.07645000
 0.08487000   0.07404000
 0.07960000   0.07163000
 0.07457000   0.06923000
 0.06978000   0.06685000
 0.06521000   0.06449000
 0.06085000   0.06215000
 0.05671000   0.05984000
 0.05276000   0.05755000
 0.04901000   0.05530000
 0.04545000   0.05307000
 0.04207000   0.05088000
 0.03886000   0.04871000
 0.03582000   0.04658000
 0.03295000   0.04448000
 0.03023000   0.04241000
 0.02766000   0.04038000
 0.02523000   0.03839000
 0.02294000   0.03643000
 0.02079000   0.03450000
 0.01878000   0.03261000
 0.01688000   0.03075000
 0.01512000   0.02892000
 0.01347000   0.02713000
 0.01192000   0.02538000
 0.01049000   0.02367000
 0.00916000   0.02198000
 0.00795000   0.02033000
 0.00685000   0.01871000
 0.00579000   0.01715000
 0.00482000   0.01563000
 0.00397000   0.01413000
 0.00325000   0.01264000
 0.00263000   0.01119000
 0.00212000   0.00977000
 0.00175000   0.00836000
 0.00144000   0.00701000
 0.00117000   0.00571000
 0.00093000   0.00446000
 0.00070000   0.00327000
 0.00047000   0.00213000
 0.00024000   0.00104000
 0.00000000   0.00000000
 0.00025000  -0.00104000
 0.00051000  -0.00212000
 0.00078000  -0.00325000
 0.00106000  -0.00444000
 0.00136000  -0.00567000
 0.00170000  -0.00696000
 0.00209000  -0.00830000
 0.00262000  -0.00965000
 0.00329000  -0.01101000
 0.00413000  -0.01236000
 0.00511000  -0.01370000
 0.00625000  -0.01500000
 0.00754000  -0.01628000
 0.00891000  -0.01758000
 0.01035000  -0.01893000
 0.01189000  -0.02031000
 0.01355000  -0.02168000
 0.01534000  -0.02305000
 0.01723000  -0.02445000
 0.01922000  -0.02588000
 0.02134000  -0.02732000
 0.02358000  -0.02878000
 0.02595000  -0.03026000
 0.02844000  -0.03176000
 0.03107000  -0.03329000
 0.03385000  -0.03483000
 0.03676000  -0.03640000
 0.03982000  -0.03799000
 0.04304000  -0.03960000
 0.04643000  -0.04123000
 0.04997000  -0.04288000
 0.05369000  -0.04456000
 0.05759000  -0.04625000
 0.06168000  -0.04797000
 0.06596000  -0.04970000
 0.07044000  -0.05146000
 0.07512000  -0.05324000
 0.08001000  -0.05503000
 0.08513000  -0.05685000
 0.09048000  -0.05867000
 0.09606000  -0.06050000
 0.10189000  -0.06235000
 0.10798000  -0.06419000
 0.11433000  -0.06604000
 0.12095000  -0.06788000
 0.12785000  -0.06972000
 0.13504000  -0.07154000
 0.14253000  -0.07334000
 0.15032000  -0.07513000
 0.15843000  -0.07689000
 0.16686000  -0.07861000
 0.17563000  -0.08028000
 0.18473000  -0.08189000
 0.19419000  -0.08345000
 0.20401000  -0.08491000
 0.21420000  -0.08628000
 0.22476000  -0.08756000
 0.23569000  -0.08873000
 0.24702000  -0.08977000
 0.25874000  -0.09067000
 0.27085000  -0.09141000
 0.28337000  -0.09199000
 0.29629000  -0.09236000
 0.30962000  -0.09247000
 0.32336000  -0.09244000
 0.33751000  -0.09207000
 0.35206000  -0.09141000
 0.36701000  -0.09046000
 0.38236000  -0.08915000
 0.39810000  -0.08750000
 0.41422000  -0.08548000
 0.43071000  -0.08305000
 0.44756000  -0.08020000
 0.46476000  -0.07692000
 0.48229000  -0.07321000
 0.50015000  -0.06909000
 0.51834000  -0.06461000
 0.53688000  -0.05985000
 0.55575000  -0.05486000
 0.57497000  -0.04966000
 0.59453000  -0.04431000
 0.61445000  -0.03889000
 0.63472000  -0.03346000
 0.65537000  -0.02812000
 0.67638000  -0.02291000
 0.69776000  -0.01794000
 0.71951000  -0.01327000
 0.74160000  -0.00895000
 0.76403000  -0.00505000
 0.78677000  -0.00162000
 0.80980000   0.00124000
 0.83309000   0.00349000
 0.85661000   0.00507000
 0.88031000   0.00594000
 0.90415000   0.00604000
 0.92807000   0.00529000
 0.95203000   0.00399000
 0.97602000   0.00210000
 1.00000000  -0.00037000
