IEA-15-240-RWT_AF29_Coords
       202   NumCoords         ! Number of coordinates including the reference point.
! x-y coordinate of airfoil reference
0.25        0
! coordinates of airfoil shape
-15.00000000  -240.00000000
 1.00000000   0.00532000
 0.97793000   0.00986000
 0.95588000   0.01443000
 0.93387000   0.01901000
 0.91192000   0.02361000
 0.89007000   0.02829000
 0.86833000   0.03302000
 0.84670000   0.03776000
 0.82522000   0.04252000
 0.80390000   0.04728000
 0.78274000   0.05202000
 0.76176000   0.05673000
 0.74098000   0.06140000
 0.72041000   0.06600000
 0.70005000   0.07051000
 0.67993000   0.07494000
 0.66004000   0.07925000
 0.64041000   0.08343000
 0.62103000   0.08747000
 0.60192000   0.09136000
 0.58308000   0.09509000
 0.56453000   0.09864000
 0.54627000   0.10203000
 0.52831000   0.10522000
 0.51066000   0.10824000
 0.49331000   0.11105000
 0.47628000   0.11366000
 0.45958000   0.11606000
 0.44320000   0.11826000
 0.42715000   0.12024000
 0.41143000   0.12202000
 0.39605000   0.12356000
 0.38100000   0.12492000
 0.36630000   0.12604000
 0.35194000   0.12691000
 0.33792000   0.12753000
 0.32425000   0.12795000
 0.31093000   0.12818000
 0.29795000   0.12821000
 0.28532000   0.12808000
 0.27303000   0.12779000
 0.26109000   0.12736000
 0.24950000   0.12681000
 0.23824000   0.12612000
 0.22732000   0.12532000
 0.21674000   0.12442000
 0.20649000   0.12341000
 0.19657000   0.12216000
 0.18697000   0.12056000
 0.17769000   0.11886000
 0.16873000   0.11703000
 0.16008000   0.11509000
 0.15173000   0.11305000
 0.14369000   0.11091000
 0.13593000   0.10869000
 0.12847000   0.10640000
 0.12129000   0.10403000
 0.11439000   0.10160000
 0.10775000   0.09912000
 0.10139000   0.09659000
 0.09528000   0.09401000
 0.08942000   0.09141000
 0.08381000   0.08877000
 0.07843000   0.08611000
 0.07329000   0.08343000
 0.06838000   0.08074000
 0.06369000   0.07804000
 0.05921000   0.07533000
 0.05495000   0.07262000
 0.05088000   0.06991000
 0.04702000   0.06721000
 0.04335000   0.06452000
 0.03986000   0.06184000
 0.03656000   0.05917000
 0.03344000   0.05651000
 0.03049000   0.05387000
 0.02772000   0.05125000
 0.02511000   0.04864000
 0.02266000   0.04607000
 0.02035000   0.04353000
 0.01817000   0.04104000
 0.01613000   0.03860000
 0.01423000   0.03619000
 0.01246000   0.03381000
 0.01083000   0.03146000
 0.00935000   0.02914000
 0.00799000   0.02686000
 0.00674000   0.02462000
 0.00561000   0.02243000
 0.00461000   0.02027000
 0.00373000   0.01817000
 0.00297000   0.01611000
 0.00232000   0.01410000
 0.00180000   0.01213000
 0.00137000   0.01023000
 0.00099000   0.00838000
 0.00069000   0.00658000
 0.00047000   0.00485000
 0.00028000   0.00318000
 0.00011000   0.00156000
 0.00000000   0.00000000
 0.00012000  -0.00156000
 0.00033000  -0.00318000
 0.00058000  -0.00485000
 0.00087000  -0.00657000
 0.00128000  -0.00834000
 0.00180000  -0.01017000
 0.00239000  -0.01204000
 0.00310000  -0.01395000
 0.00395000  -0.01590000
 0.00493000  -0.01790000
 0.00605000  -0.01992000
 0.00732000  -0.02197000
 0.00874000  -0.02403000
 0.01030000  -0.02611000
 0.01193000  -0.02825000
 0.01368000  -0.03043000
 0.01557000  -0.03265000
 0.01759000  -0.03488000
 0.01975000  -0.03715000
 0.02205000  -0.03944000
 0.02449000  -0.04176000
 0.02708000  -0.04409000
 0.02981000  -0.04646000
 0.03269000  -0.04886000
 0.03572000  -0.05130000
 0.03891000  -0.05377000
 0.04226000  -0.05628000
 0.04577000  -0.05880000
 0.04947000  -0.06135000
 0.05334000  -0.06392000
 0.05741000  -0.06651000
 0.06166000  -0.06911000
 0.06612000  -0.07173000
 0.07078000  -0.07436000
 0.07565000  -0.07700000
 0.08073000  -0.07964000
 0.08604000  -0.08228000
 0.09159000  -0.08491000
 0.09737000  -0.08753000
 0.10340000  -0.09013000
 0.10969000  -0.09271000
 0.11623000  -0.09524000
 0.12304000  -0.09775000
 0.13013000  -0.10020000
 0.13749000  -0.10260000
 0.14515000  -0.10493000
 0.15310000  -0.10719000
 0.16135000  -0.10935000
 0.16991000  -0.11142000
 0.17878000  -0.11338000
 0.18797000  -0.11523000
 0.19749000  -0.11694000
 0.20733000  -0.11824000
 0.21751000  -0.11930000
 0.22802000  -0.12025000
 0.23888000  -0.12104000
 0.25008000  -0.12168000
 0.26163000  -0.12216000
 0.27352000  -0.12245000
 0.28577000  -0.12256000
 0.29836000  -0.12245000
 0.31130000  -0.12213000
 0.32459000  -0.12156000
 0.33822000  -0.12072000
 0.35220000  -0.11962000
 0.36650000  -0.11821000
 0.38115000  -0.11648000
 0.39611000  -0.11441000
 0.41139000  -0.11196000
 0.42698000  -0.10911000
 0.44287000  -0.10597000
 0.45905000  -0.10244000
 0.47551000  -0.09852000
 0.49225000  -0.09421000
 0.50925000  -0.08951000
 0.52651000  -0.08444000
 0.54403000  -0.07902000
 0.56180000  -0.07330000
 0.57984000  -0.06731000
 0.59814000  -0.06111000
 0.61672000  -0.05475000
 0.63559000  -0.04829000
 0.65476000  -0.04183000
 0.67425000  -0.03543000
 0.69407000  -0.02918000
 0.71423000  -0.02320000
 0.73474000  -0.01757000
 0.75560000  -0.01238000
 0.77680000  -0.00777000
 0.79833000  -0.00381000
 0.82016000  -0.00060000
 0.84224000   0.00192000
 0.86454000   0.00372000
 0.88700000   0.00468000
 0.90958000   0.00461000
 0.93221000   0.00351000
 0.95485000   0.00164000
 0.97746000  -0.00104000
 1.00000000  -0.00450000
