IEA-15-240-RWT_AF12_Coords
       202   NumCoords         ! Number of coordinates including the reference point.
! x-y coordinate of airfoil reference
0.25        0
! coordinates of airfoil shape
-15.00000000  -240.00000000
 1.00000000   0.01308000
 0.97541000   0.02022000
 0.95080000   0.02731000
 0.92620000   0.03436000
 0.90168000   0.04132000
 0.87728000   0.04831000
 0.85301000   0.05529000
 0.82889000   0.06224000
 0.80493000   0.06914000
 0.78117000   0.07598000
 0.75761000   0.08272000
 0.73427000   0.08937000
 0.71117000   0.09590000
 0.68833000   0.10230000
 0.66577000   0.10855000
 0.64349000   0.11465000
 0.62151000   0.12058000
 0.59985000   0.12632000
 0.57851000   0.13186000
 0.55750000   0.13718000
 0.53684000   0.14226000
 0.51653000   0.14711000
 0.49658000   0.15169000
 0.47699000   0.15599000
 0.45778000   0.16000000
 0.43894000   0.16370000
 0.42048000   0.16708000
 0.40241000   0.17014000
 0.38474000   0.17287000
 0.36746000   0.17525000
 0.35058000   0.17729000
 0.33412000   0.17899000
 0.31806000   0.18034000
 0.30243000   0.18134000
 0.28721000   0.18200000
 0.27242000   0.18231000
 0.25805000   0.18226000
 0.24412000   0.18191000
 0.23062000   0.18121000
 0.21756000   0.18018000
 0.20493000   0.17884000
 0.19276000   0.17717000
 0.18103000   0.17518000
 0.16975000   0.17290000
 0.15892000   0.17033000
 0.14855000   0.16749000
 0.13862000   0.16441000
 0.12915000   0.16111000
 0.12011000   0.15763000
 0.11152000   0.15396000
 0.10336000   0.15014000
 0.09562000   0.14618000
 0.08832000   0.14209000
 0.08143000   0.13788000
 0.07494000   0.13360000
 0.06884000   0.12926000
 0.06313000   0.12486000
 0.05780000   0.12042000
 0.05282000   0.11597000
 0.04819000   0.11153000
 0.04388000   0.10711000
 0.03988000   0.10272000
 0.03618000   0.09838000
 0.03276000   0.09409000
 0.02960000   0.08987000
 0.02669000   0.08573000
 0.02402000   0.08167000
 0.02158000   0.07769000
 0.01934000   0.07381000
 0.01730000   0.07002000
 0.01544000   0.06634000
 0.01373000   0.06276000
 0.01216000   0.05930000
 0.01074000   0.05595000
 0.00944000   0.05270000
 0.00824000   0.04957000
 0.00719000   0.04653000
 0.00629000   0.04358000
 0.00552000   0.04073000
 0.00485000   0.03798000
 0.00427000   0.03533000
 0.00380000   0.03277000
 0.00340000   0.03031000
 0.00305000   0.02795000
 0.00273000   0.02568000
 0.00244000   0.02351000
 0.00215000   0.02143000
 0.00186000   0.01944000
 0.00158000   0.01753000
 0.00133000   0.01571000
 0.00111000   0.01395000
 0.00093000   0.01227000
 0.00077000   0.01066000
 0.00063000   0.00912000
 0.00051000   0.00764000
 0.00041000   0.00622000
 0.00032000   0.00487000
 0.00023000   0.00357000
 0.00015000   0.00233000
 0.00007000   0.00114000
 0.00000000   0.00000000
 0.00008000  -0.00114000
 0.00015000  -0.00233000
 0.00022000  -0.00357000
 0.00029000  -0.00488000
 0.00037000  -0.00624000
 0.00045000  -0.00766000
 0.00054000  -0.00915000
 0.00065000  -0.01070000
 0.00080000  -0.01232000
 0.00097000  -0.01401000
 0.00117000  -0.01578000
 0.00140000  -0.01762000
 0.00166000  -0.01954000
 0.00195000  -0.02155000
 0.00227000  -0.02364000
 0.00260000  -0.02583000
 0.00297000  -0.02811000
 0.00339000  -0.03048000
 0.00388000  -0.03296000
 0.00446000  -0.03552000
 0.00515000  -0.03818000
 0.00595000  -0.04094000
 0.00687000  -0.04379000
 0.00790000  -0.04674000
 0.00907000  -0.04978000
 0.01038000  -0.05292000
 0.01181000  -0.05617000
 0.01338000  -0.05953000
 0.01511000  -0.06298000
 0.01699000  -0.06654000
 0.01905000  -0.07020000
 0.02132000  -0.07396000
 0.02381000  -0.07778000
 0.02653000  -0.08168000
 0.02951000  -0.08565000
 0.03275000  -0.08967000
 0.03627000  -0.09374000
 0.04007000  -0.09785000
 0.04416000  -0.10200000
 0.04856000  -0.10618000
 0.05329000  -0.11038000
 0.05834000  -0.11457000
 0.06375000  -0.11876000
 0.06951000  -0.12291000
 0.07565000  -0.12701000
 0.08217000  -0.13106000
 0.08908000  -0.13504000
 0.09639000  -0.13893000
 0.10410000  -0.14273000
 0.11223000  -0.14643000
 0.12076000  -0.15002000
 0.12972000  -0.15347000
 0.13910000  -0.15678000
 0.14893000  -0.15993000
 0.15919000  -0.16290000
 0.16991000  -0.16568000
 0.18107000  -0.16825000
 0.19268000  -0.17060000
 0.20475000  -0.17268000
 0.21728000  -0.17450000
 0.23026000  -0.17601000
 0.24371000  -0.17720000
 0.25761000  -0.17804000
 0.27197000  -0.17850000
 0.28677000  -0.17854000
 0.30202000  -0.17819000
 0.31770000  -0.17739000
 0.33380000  -0.17614000
 0.35031000  -0.17440000
 0.36722000  -0.17215000
 0.38452000  -0.16938000
 0.40218000  -0.16606000
 0.42020000  -0.16218000
 0.43854000  -0.15771000
 0.45719000  -0.15264000
 0.47615000  -0.14702000
 0.49540000  -0.14086000
 0.51494000  -0.13420000
 0.53476000  -0.12706000
 0.55484000  -0.11944000
 0.57518000  -0.11139000
 0.59579000  -0.10295000
 0.61667000  -0.09417000
 0.63783000  -0.08512000
 0.65930000  -0.07590000
 0.68110000  -0.06661000
 0.70326000  -0.05738000
 0.72583000  -0.04837000
 0.74883000  -0.03973000
 0.77231000  -0.03167000
 0.79627000  -0.02431000
 0.82068000  -0.01779000
 0.84552000  -0.01231000
 0.87078000  -0.00815000
 0.89639000  -0.00556000
 0.92220000  -0.00459000
 0.94810000  -0.00341000
 0.97406000  -0.00218000
 1.00000000  -0.00090000
