IEA-15-240-RWT_AF21_Coords
       202   NumCoords         ! Number of coordinates including the reference point.
! x-y coordinate of airfoil reference
0.25        0
! coordinates of airfoil shape
-15.00000000  -240.00000000
 1.00000000   0.00939000
 0.97608000   0.01491000
 0.95217000   0.02053000
 0.92831000   0.02620000
 0.90454000   0.03196000
 0.88090000   0.03778000
 0.85738000   0.04363000
 0.83402000   0.04949000
 0.81082000   0.05533000
 0.78780000   0.06111000
 0.76498000   0.06682000
 0.74237000   0.07244000
 0.71999000   0.07796000
 0.69786000   0.08333000
 0.67598000   0.08856000
 0.65438000   0.09363000
 0.63306000   0.09853000
 0.61204000   0.10325000
 0.59134000   0.10778000
 0.57096000   0.11211000
 0.55091000   0.11624000
 0.53121000   0.12016000
 0.51186000   0.12387000
 0.49287000   0.12734000
 0.47425000   0.13058000
 0.45600000   0.13356000
 0.43812000   0.13628000
 0.42063000   0.13874000
 0.40353000   0.14095000
 0.38682000   0.14288000
 0.37050000   0.14455000
 0.35459000   0.14594000
 0.33907000   0.14707000
 0.32396000   0.14793000
 0.30925000   0.14854000
 0.29495000   0.14886000
 0.28105000   0.14921000
 0.26756000   0.14925000
 0.25448000   0.14895000
 0.24181000   0.14833000
 0.22954000   0.14742000
 0.21769000   0.14623000
 0.20623000   0.14475000
 0.19519000   0.14301000
 0.18454000   0.14103000
 0.17430000   0.13883000
 0.16445000   0.13639000
 0.15499000   0.13384000
 0.14591000   0.13129000
 0.13722000   0.12861000
 0.12890000   0.12580000
 0.12094000   0.12289000
 0.11334000   0.11989000
 0.10609000   0.11680000
 0.09919000   0.11364000
 0.09261000   0.11043000
 0.08635000   0.10718000
 0.08041000   0.10389000
 0.07477000   0.10059000
 0.06942000   0.09727000
 0.06435000   0.09395000
 0.05956000   0.09063000
 0.05503000   0.08732000
 0.05076000   0.08402000
 0.04673000   0.08075000
 0.04294000   0.07751000
 0.03937000   0.07431000
 0.03602000   0.07114000
 0.03289000   0.06801000
 0.02995000   0.06493000
 0.02720000   0.06190000
 0.02465000   0.05892000
 0.02227000   0.05599000
 0.02006000   0.05312000
 0.01802000   0.05030000
 0.01612000   0.04755000
 0.01438000   0.04487000
 0.01277000   0.04224000
 0.01129000   0.03968000
 0.00993000   0.03719000
 0.00870000   0.03477000
 0.00758000   0.03241000
 0.00656000   0.03013000
 0.00563000   0.02791000
 0.00480000   0.02576000
 0.00408000   0.02367000
 0.00342000   0.02165000
 0.00280000   0.01971000
 0.00228000   0.01783000
 0.00183000   0.01601000
 0.00147000   0.01426000
 0.00116000   0.01256000
 0.00093000   0.01093000
 0.00075000   0.00935000
 0.00060000   0.00784000
 0.00048000   0.00639000
 0.00037000   0.00500000
 0.00027000   0.00367000
 0.00018000   0.00239000
 0.00009000   0.00117000
 0.00000000   0.00000000
 0.00009000  -0.00118000
 0.00018000  -0.00241000
 0.00028000  -0.00369000
 0.00038000  -0.00503000
 0.00050000  -0.00642000
 0.00062000  -0.00788000
 0.00078000  -0.00939000
 0.00098000  -0.01097000
 0.00123000  -0.01261000
 0.00157000  -0.01431000
 0.00198000  -0.01607000
 0.00247000  -0.01789000
 0.00307000  -0.01976000
 0.00375000  -0.02170000
 0.00448000  -0.02372000
 0.00529000  -0.02580000
 0.00620000  -0.02794000
 0.00722000  -0.03015000
 0.00834000  -0.03242000
 0.00958000  -0.03476000
 0.01093000  -0.03716000
 0.01242000  -0.03962000
 0.01404000  -0.04215000
 0.01579000  -0.04474000
 0.01768000  -0.04739000
 0.01973000  -0.05010000
 0.02194000  -0.05287000
 0.02430000  -0.05570000
 0.02684000  -0.05858000
 0.02956000  -0.06153000
 0.03246000  -0.06452000
 0.03556000  -0.06757000
 0.03885000  -0.07067000
 0.04235000  -0.07382000
 0.04607000  -0.07702000
 0.05001000  -0.08027000
 0.05419000  -0.08354000
 0.05862000  -0.08686000
 0.06330000  -0.09020000
 0.06824000  -0.09357000
 0.07345000  -0.09695000
 0.07896000  -0.10034000
 0.08475000  -0.10374000
 0.09085000  -0.10713000
 0.09727000  -0.11050000
 0.10402000  -0.11384000
 0.11110000  -0.11715000
 0.11854000  -0.12040000
 0.12633000  -0.12358000
 0.13449000  -0.12669000
 0.14304000  -0.12969000
 0.15197000  -0.13258000
 0.16129000  -0.13555000
 0.17102000  -0.13843000
 0.18115000  -0.14109000
 0.19171000  -0.14345000
 0.20268000  -0.14557000
 0.21407000  -0.14741000
 0.22590000  -0.14892000
 0.23815000  -0.15007000
 0.25083000  -0.15081000
 0.26393000  -0.15130000
 0.27747000  -0.15176000
 0.29143000  -0.15186000
 0.30582000  -0.15161000
 0.32061000  -0.15099000
 0.33582000  -0.14998000
 0.35144000  -0.14855000
 0.36744000  -0.14668000
 0.38383000  -0.14435000
 0.40059000  -0.14156000
 0.41770000  -0.13828000
 0.43516000  -0.13450000
 0.45295000  -0.13022000
 0.47105000  -0.12543000
 0.48946000  -0.12013000
 0.50815000  -0.11434000
 0.52713000  -0.10807000
 0.54639000  -0.10136000
 0.56591000  -0.09423000
 0.58572000  -0.08674000
 0.60581000  -0.07896000
 0.62621000  -0.07095000
 0.64692000  -0.06281000
 0.66799000  -0.05465000
 0.68942000  -0.04657000
 0.71125000  -0.03871000
 0.73351000  -0.03121000
 0.75619000  -0.02418000
 0.77930000  -0.01774000
 0.80285000  -0.01213000
 0.82679000  -0.00742000
 0.85109000  -0.00370000
 0.87568000  -0.00108000
 0.90050000   0.00014000
 0.92546000   0.00009000
 0.95044000  -0.00120000
 0.97533000  -0.00456000
 1.00000000  -0.00942000
