IEA-15-240-RWT_AF00_Coords
       202   NumCoords         ! Number of coordinates including the reference point.
! x-y coordinate of airfoil reference
0.25        0
! coordinates of airfoil shape
-15.00000000  -240.00000000
 1.00000000  -0.00000000
 0.99944000   0.02195000
 0.99812000   0.04384000
 0.99569000   0.06564000
 0.99230000   0.08730000
 0.98803000   0.10877000
 0.98282000   0.13000000
 0.97666000   0.15095000
 0.96964000   0.17158000
 0.96174000   0.19183000
 0.95297000   0.21168000
 0.94339000   0.23109000
 0.93301000   0.25000000
 0.92185000   0.26840000
 0.90995000   0.28624000
 0.89736000   0.30349000
 0.88409000   0.32013000
 0.87016000   0.33612000
 0.85565000   0.35143000
 0.84058000   0.36606000
 0.82497000   0.37999000
 0.80889000   0.39317000
 0.79236000   0.40561000
 0.77542000   0.41730000
 0.75813000   0.42821000
 0.74050000   0.43836000
 0.72259000   0.44772000
 0.70445000   0.45629000
 0.68609000   0.46409000
 0.66757000   0.47109000
 0.64893000   0.47730000
 0.63019000   0.48276000
 0.61140000   0.48743000
 0.59260000   0.49134000
 0.57381000   0.49455000
 0.55508000   0.49695000
 0.53642000   0.49872000
 0.51788000   0.49961000
 0.49948000   0.50000000
 0.48125000   0.49958000
 0.46322000   0.49869000
 0.44541000   0.49700000
 0.42784000   0.49479000
 0.41054000   0.49192000
 0.39353000   0.48854000
 0.37681000   0.48458000
 0.36042000   0.48012000
 0.34436000   0.47517000
 0.32866000   0.46973000
 0.31332000   0.46385000
 0.29835000   0.45753000
 0.28377000   0.45083000
 0.26957000   0.44373000
 0.25577000   0.43630000
 0.24238000   0.42852000
 0.22940000   0.42044000
 0.21682000   0.41207000
 0.20466000   0.40345000
 0.19291000   0.39458000
 0.18157000   0.38550000
 0.17066000   0.37621000
 0.16015000   0.36674000
 0.15006000   0.35712000
 0.14035000   0.34735000
 0.13107000   0.33747000
 0.12216000   0.32747000
 0.11366000   0.31740000
 0.10554000   0.30725000
 0.09779000   0.29703000
 0.09043000   0.28679000
 0.08342000   0.27651000
 0.07677000   0.26622000
 0.07047000   0.25593000
 0.06450000   0.24565000
 0.05888000   0.23539000
 0.05357000   0.22516000
 0.04858000   0.21498000
 0.04390000   0.20485000
 0.03949000   0.19478000
 0.03539000   0.18478000
 0.03158000   0.17486000
 0.02801000   0.16502000
 0.02472000   0.15527000
 0.02168000   0.14562000
 0.01886000   0.13607000
 0.01630000   0.12662000
 0.01397000   0.11730000
 0.01182000   0.10808000
 0.00988000   0.09898000
 0.00818000   0.09001000
 0.00663000   0.08116000
 0.00525000   0.07244000
 0.00408000   0.06385000
 0.00309000   0.05540000
 0.00219000   0.04708000
 0.00146000   0.03889000
 0.00096000   0.03084000
 0.00060000   0.02292000
 0.00029000   0.01514000
 0.00008000   0.00750000
 0.00000000   0.00000000
 0.00008000  -0.00750000
 0.00029000  -0.01515000
 0.00060000  -0.02294000
 0.00096000  -0.03086000
 0.00146000  -0.03892000
 0.00220000  -0.04713000
 0.00310000  -0.05548000
 0.00410000  -0.06396000
 0.00527000  -0.07257000
 0.00666000  -0.08133000
 0.00822000  -0.09021000
 0.00993000  -0.09922000
 0.01188000  -0.10836000
 0.01404000  -0.11762000
 0.01639000  -0.12700000
 0.01898000  -0.13650000
 0.02183000  -0.14611000
 0.02489000  -0.15582000
 0.02822000  -0.16563000
 0.03183000  -0.17554000
 0.03569000  -0.18553000
 0.03984000  -0.19560000
 0.04430000  -0.20575000
 0.04904000  -0.21595000
 0.05410000  -0.22621000
 0.05949000  -0.23652000
 0.06519000  -0.24686000
 0.07125000  -0.25723000
 0.07765000  -0.26760000
 0.08440000  -0.27798000
 0.09152000  -0.28835000
 0.09901000  -0.29868000
 0.10689000  -0.30897000
 0.11515000  -0.31920000
 0.12381000  -0.32936000
 0.13287000  -0.33943000
 0.14233000  -0.34938000
 0.15221000  -0.35922000
 0.16250000  -0.36890000
 0.17321000  -0.37843000
 0.18434000  -0.38776000
 0.19590000  -0.39690000
 0.20788000  -0.40579000
 0.22029000  -0.41444000
 0.23312000  -0.42281000
 0.24637000  -0.43090000
 0.26004000  -0.43865000
 0.27412000  -0.44607000
 0.28861000  -0.45311000
 0.30350000  -0.45977000
 0.31877000  -0.46600000
 0.33443000  -0.47180000
 0.35046000  -0.47711000
 0.36684000  -0.48195000
 0.38356000  -0.48624000
 0.40061000  -0.49003000
 0.41796000  -0.49322000
 0.43559000  -0.49585000
 0.45349000  -0.49787000
 0.47163000  -0.49915000
 0.48999000  -0.49987000
 0.50854000  -0.49990000
 0.52725000  -0.49921000
 0.54609000  -0.49791000
 0.56503000  -0.49577000
 0.58405000  -0.49288000
 0.60309000  -0.48927000
 0.62214000  -0.48484000
 0.64115000  -0.47966000
 0.66008000  -0.47369000
 0.67891000  -0.46689000
 0.69757000  -0.45931000
 0.71604000  -0.45092000
 0.73429000  -0.44170000
 0.75225000  -0.43170000
 0.76990000  -0.42089000
 0.78719000  -0.40929000
 0.80407000  -0.39691000
 0.82051000  -0.38376000
 0.83647000  -0.36984000
 0.85189000  -0.35520000
 0.86675000  -0.33984000
 0.88101000  -0.32378000
 0.89461000  -0.30706000
 0.90752000  -0.28969000
 0.91973000  -0.27171000
 0.93118000  -0.25315000
 0.94183000  -0.23406000
 0.95168000  -0.21445000
 0.96067000  -0.19438000
 0.96879000  -0.17389000
 0.97601000  -0.15301000
 0.98233000  -0.13178000
 0.98769000  -0.11028000
 0.99209000  -0.08852000
 0.99557000  -0.06656000
 0.99806000  -0.04446000
 0.99943000  -0.02226000
 1.00000000  -0.00000000
