IEA-15-240-RWT_AF22_Coords
       202   NumCoords         ! Number of coordinates including the reference point.
! x-y coordinate of airfoil reference
0.25        0
! coordinates of airfoil shape
-15.00000000  -240.00000000
 1.00000000   0.00884000
 0.97599000   0.01459000
 0.95199000   0.02035000
 0.92804000   0.02611000
 0.90419000   0.03186000
 0.88045000   0.03768000
 0.85685000   0.04354000
 0.83340000   0.04941000
 0.81012000   0.05525000
 0.78702000   0.06103000
 0.76412000   0.06675000
 0.74143000   0.07238000
 0.71898000   0.07789000
 0.69677000   0.08327000
 0.67482000   0.08850000
 0.65315000   0.09357000
 0.63177000   0.09847000
 0.61068000   0.10318000
 0.58992000   0.10771000
 0.56948000   0.11204000
 0.54937000   0.11616000
 0.52962000   0.12007000
 0.51022000   0.12377000
 0.49118000   0.12723000
 0.47251000   0.13045000
 0.45422000   0.13342000
 0.43631000   0.13612000
 0.41878000   0.13856000
 0.40165000   0.14075000
 0.38491000   0.14265000
 0.36857000   0.14429000
 0.35263000   0.14566000
 0.33709000   0.14677000
 0.32197000   0.14762000
 0.30725000   0.14821000
 0.29293000   0.14848000
 0.27903000   0.14820000
 0.26554000   0.14773000
 0.25246000   0.14705000
 0.23980000   0.14619000
 0.22754000   0.14514000
 0.21569000   0.14392000
 0.20425000   0.14252000
 0.19322000   0.14094000
 0.18260000   0.13920000
 0.17238000   0.13730000
 0.16256000   0.13524000
 0.15313000   0.13294000
 0.14409000   0.13035000
 0.13543000   0.12762000
 0.12714000   0.12478000
 0.11923000   0.12183000
 0.11167000   0.11879000
 0.10447000   0.11567000
 0.09761000   0.11248000
 0.09108000   0.10924000
 0.08487000   0.10596000
 0.07898000   0.10265000
 0.07339000   0.09932000
 0.06810000   0.09598000
 0.06309000   0.09265000
 0.05835000   0.08932000
 0.05388000   0.08600000
 0.04966000   0.08270000
 0.04569000   0.07943000
 0.04196000   0.07619000
 0.03845000   0.07299000
 0.03516000   0.06984000
 0.03207000   0.06672000
 0.02919000   0.06366000
 0.02650000   0.06065000
 0.02399000   0.05769000
 0.02166000   0.05479000
 0.01950000   0.05194000
 0.01750000   0.04916000
 0.01565000   0.04644000
 0.01395000   0.04379000
 0.01238000   0.04120000
 0.01094000   0.03868000
 0.00962000   0.03623000
 0.00842000   0.03385000
 0.00733000   0.03154000
 0.00634000   0.02930000
 0.00544000   0.02713000
 0.00464000   0.02502000
 0.00393000   0.02298000
 0.00330000   0.02101000
 0.00270000   0.01912000
 0.00219000   0.01729000
 0.00176000   0.01552000
 0.00141000   0.01381000
 0.00111000   0.01216000
 0.00089000   0.01058000
 0.00071000   0.00906000
 0.00057000   0.00759000
 0.00046000   0.00619000
 0.00036000   0.00484000
 0.00026000   0.00356000
 0.00017000   0.00232000
 0.00008000   0.00114000
 0.00000000   0.00000000
 0.00009000  -0.00112000
 0.00018000  -0.00230000
 0.00027000  -0.00354000
 0.00037000  -0.00483000
 0.00048000  -0.00618000
 0.00061000  -0.00759000
 0.00077000  -0.00905000
 0.00096000  -0.01058000
 0.00121000  -0.01217000
 0.00154000  -0.01382000
 0.00193000  -0.01553000
 0.00241000  -0.01730000
 0.00300000  -0.01912000
 0.00366000  -0.02101000
 0.00437000  -0.02297000
 0.00516000  -0.02500000
 0.00604000  -0.02710000
 0.00704000  -0.02926000
 0.00813000  -0.03148000
 0.00933000  -0.03378000
 0.01065000  -0.03613000
 0.01211000  -0.03855000
 0.01368000  -0.04104000
 0.01539000  -0.04359000
 0.01725000  -0.04621000
 0.01925000  -0.04888000
 0.02140000  -0.05163000
 0.02372000  -0.05443000
 0.02621000  -0.05729000
 0.02887000  -0.06022000
 0.03172000  -0.06319000
 0.03476000  -0.06623000
 0.03800000  -0.06932000
 0.04144000  -0.07246000
 0.04510000  -0.07566000
 0.04899000  -0.07890000
 0.05311000  -0.08218000
 0.05747000  -0.08550000
 0.06210000  -0.08885000
 0.06698000  -0.09223000
 0.07214000  -0.09563000
 0.07759000  -0.09903000
 0.08333000  -0.10245000
 0.08938000  -0.10586000
 0.09574000  -0.10926000
 0.10244000  -0.11263000
 0.10948000  -0.11597000
 0.11687000  -0.11926000
 0.12462000  -0.12247000
 0.13274000  -0.12561000
 0.14124000  -0.12866000
 0.15013000  -0.13159000
 0.15942000  -0.13420000
 0.16912000  -0.13663000
 0.17923000  -0.13892000
 0.18976000  -0.14108000
 0.20071000  -0.14311000
 0.21209000  -0.14499000
 0.22390000  -0.14673000
 0.23614000  -0.14834000
 0.24882000  -0.14982000
 0.26192000  -0.15095000
 0.27546000  -0.15146000
 0.28943000  -0.15160000
 0.30383000  -0.15139000
 0.31864000  -0.15080000
 0.33387000  -0.14982000
 0.34950000  -0.14840000
 0.36554000  -0.14655000
 0.38195000  -0.14423000
 0.39874000  -0.14147000
 0.41589000  -0.13822000
 0.43339000  -0.13447000
 0.45122000  -0.13021000
 0.46937000  -0.12545000
 0.48782000  -0.12016000
 0.50657000  -0.11438000
 0.52560000  -0.10812000
 0.54490000  -0.10140000
 0.56448000  -0.09427000
 0.58435000  -0.08678000
 0.60450000  -0.07898000
 0.62495000  -0.07096000
 0.64573000  -0.06281000
 0.66686000  -0.05463000
 0.68836000  -0.04654000
 0.71026000  -0.03866000
 0.73259000  -0.03114000
 0.75534000  -0.02409000
 0.77853000  -0.01764000
 0.80215000  -0.01202000
 0.82618000  -0.00732000
 0.85056000  -0.00359000
 0.87523000  -0.00096000
 0.90014000   0.00050000
 0.92518000   0.00046000
 0.95026000  -0.00080000
 0.97523000  -0.00407000
 1.00000000  -0.00882000
