IEA-15-240-RWT_AF27_Coords
       202   NumCoords         ! Number of coordinates including the reference point.
! x-y coordinate of airfoil reference
0.25        0
! coordinates of airfoil shape
-15.00000000  -240.00000000
 1.00000000   0.00627000
 0.98027000   0.01055000
 0.96054000   0.01488000
 0.94084000   0.01924000
 0.92119000   0.02364000
 0.90160000   0.02801000
 0.88209000   0.03241000
 0.86266000   0.03684000
 0.84332000   0.04128000
 0.82410000   0.04571000
 0.80498000   0.05015000
 0.78599000   0.05456000
 0.76713000   0.05893000
 0.74841000   0.06326000
 0.72985000   0.06754000
 0.71144000   0.07175000
 0.69319000   0.07588000
 0.67512000   0.07992000
 0.65723000   0.08387000
 0.63952000   0.08771000
 0.62201000   0.09144000
 0.60470000   0.09505000
 0.58760000   0.09854000
 0.57070000   0.10189000
 0.55403000   0.10510000
 0.53758000   0.10818000
 0.52136000   0.11110000
 0.50537000   0.11387000
 0.48962000   0.11649000
 0.47411000   0.11894000
 0.45884000   0.12122000
 0.44382000   0.12333000
 0.42906000   0.12516000
 0.41454000   0.12673000
 0.40029000   0.12813000
 0.38630000   0.12935000
 0.37256000   0.13043000
 0.35909000   0.13135000
 0.34589000   0.13212000
 0.33296000   0.13274000
 0.32030000   0.13322000
 0.30790000   0.13356000
 0.29578000   0.13377000
 0.28393000   0.13384000
 0.27236000   0.13380000
 0.26106000   0.13363000
 0.25003000   0.13333000
 0.23929000   0.13277000
 0.22881000   0.13184000
 0.21861000   0.13077000
 0.20869000   0.12956000
 0.19903000   0.12818000
 0.18965000   0.12666000
 0.18055000   0.12500000
 0.17171000   0.12321000
 0.16315000   0.12130000
 0.15484000   0.11928000
 0.14681000   0.11714000
 0.13903000   0.11490000
 0.13152000   0.11257000
 0.12426000   0.11015000
 0.11725000   0.10765000
 0.11049000   0.10508000
 0.10397000   0.10245000
 0.09769000   0.09977000
 0.09165000   0.09702000
 0.08584000   0.09423000
 0.08027000   0.09141000
 0.07491000   0.08854000
 0.06978000   0.08564000
 0.06486000   0.08272000
 0.06016000   0.07978000
 0.05566000   0.07682000
 0.05137000   0.07384000
 0.04728000   0.07085000
 0.04338000   0.06786000
 0.03970000   0.06485000
 0.03620000   0.06183000
 0.03290000   0.05882000
 0.02976000   0.05583000
 0.02675000   0.05290000
 0.02389000   0.05000000
 0.02122000   0.04711000
 0.01872000   0.04422000
 0.01640000   0.04135000
 0.01424000   0.03849000
 0.01225000   0.03565000
 0.01041000   0.03284000
 0.00873000   0.03006000
 0.00719000   0.02732000
 0.00581000   0.02460000
 0.00462000   0.02192000
 0.00357000   0.01926000
 0.00267000   0.01666000
 0.00194000   0.01410000
 0.00130000   0.01159000
 0.00080000   0.00914000
 0.00050000   0.00676000
 0.00026000   0.00444000
 0.00007000   0.00218000
 0.00000000   0.00000000
 0.00008000  -0.00218000
 0.00032000  -0.00444000
 0.00065000  -0.00676000
 0.00106000  -0.00912000
 0.00174000  -0.01152000
 0.00265000  -0.01397000
 0.00365000  -0.01645000
 0.00481000  -0.01896000
 0.00615000  -0.02150000
 0.00762000  -0.02407000
 0.00924000  -0.02666000
 0.01103000  -0.02928000
 0.01297000  -0.03191000
 0.01510000  -0.03454000
 0.01736000  -0.03720000
 0.01977000  -0.03989000
 0.02234000  -0.04260000
 0.02506000  -0.04533000
 0.02794000  -0.04808000
 0.03099000  -0.05085000
 0.03420000  -0.05363000
 0.03757000  -0.05643000
 0.04112000  -0.05924000
 0.04483000  -0.06208000
 0.04872000  -0.06494000
 0.05277000  -0.06783000
 0.05700000  -0.07075000
 0.06142000  -0.07367000
 0.06604000  -0.07659000
 0.07086000  -0.07951000
 0.07589000  -0.08243000
 0.08113000  -0.08533000
 0.08659000  -0.08822000
 0.09227000  -0.09109000
 0.09818000  -0.09393000
 0.10432000  -0.09675000
 0.11069000  -0.09952000
 0.11731000  -0.10226000
 0.12418000  -0.10493000
 0.13130000  -0.10755000
 0.13868000  -0.11010000
 0.14633000  -0.11256000
 0.15424000  -0.11494000
 0.16242000  -0.11722000
 0.17087000  -0.11940000
 0.17960000  -0.12147000
 0.18861000  -0.12340000
 0.19790000  -0.12519000
 0.20748000  -0.12684000
 0.21734000  -0.12833000
 0.22749000  -0.12966000
 0.23792000  -0.13080000
 0.24864000  -0.13151000
 0.25965000  -0.13194000
 0.27094000  -0.13221000
 0.28252000  -0.13230000
 0.29438000  -0.13219000
 0.30652000  -0.13189000
 0.31894000  -0.13138000
 0.33163000  -0.13065000
 0.34459000  -0.12969000
 0.35782000  -0.12850000
 0.37130000  -0.12705000
 0.38503000  -0.12534000
 0.39901000  -0.12337000
 0.41323000  -0.12110000
 0.42767000  -0.11856000
 0.44234000  -0.11571000
 0.45722000  -0.11257000
 0.47231000  -0.10910000
 0.48760000  -0.10499000
 0.50308000  -0.10055000
 0.51874000  -0.09577000
 0.53459000  -0.09070000
 0.55062000  -0.08536000
 0.56683000  -0.07975000
 0.58324000  -0.07392000
 0.59983000  -0.06791000
 0.61663000  -0.06177000
 0.63365000  -0.05554000
 0.65089000  -0.04928000
 0.66837000  -0.04306000
 0.68611000  -0.03695000
 0.70411000  -0.03102000
 0.72239000  -0.02533000
 0.74094000  -0.01997000
 0.75977000  -0.01498000
 0.77888000  -0.01047000
 0.79827000  -0.00657000
 0.81791000  -0.00328000
 0.83775000  -0.00060000
 0.85779000   0.00156000
 0.87797000   0.00298000
 0.89827000   0.00356000
 0.91864000   0.00324000
 0.93904000   0.00204000
 0.95942000   0.00015000
 0.97974000  -0.00243000
 1.00000000  -0.00567000
