IEA-15-240-RWT_AF10_Coords
       202   NumCoords         ! Number of coordinates including the reference point.
! x-y coordinate of airfoil reference
0.25        0
! coordinates of airfoil shape
-15.00000000  -240.00000000
 1.00000000   0.01029000
 0.97724000   0.02028000
 0.95260000   0.03057000
 0.92802000   0.04024000
 0.90352000   0.04964000
 0.87913000   0.05895000
 0.85486000   0.06812000
 0.83073000   0.07718000
 0.80675000   0.08602000
 0.78294000   0.09466000
 0.75933000   0.10313000
 0.73592000   0.11133000
 0.71274000   0.11930000
 0.68981000   0.12702000
 0.66714000   0.13449000
 0.64474000   0.14163000
 0.62264000   0.14853000
 0.60084000   0.15506000
 0.57935000   0.16130000
 0.55820000   0.16720000
 0.53739000   0.17275000
 0.51693000   0.17797000
 0.49682000   0.18276000
 0.47708000   0.18716000
 0.45737000   0.19114000
 0.43770000   0.19471000
 0.41841000   0.19784000
 0.39952000   0.20054000
 0.38103000   0.20279000
 0.36297000   0.20467000
 0.34534000   0.20602000
 0.32815000   0.20701000
 0.31141000   0.20757000
 0.29514000   0.20764000
 0.27932000   0.20733000
 0.26399000   0.20658000
 0.24914000   0.20542000
 0.23478000   0.20387000
 0.22092000   0.20192000
 0.20755000   0.19958000
 0.19469000   0.19682000
 0.18236000   0.19362000
 0.17054000   0.18997000
 0.15922000   0.18582000
 0.14841000   0.18107000
 0.13811000   0.17542000
 0.12831000   0.16960000
 0.11902000   0.16595000
 0.11019000   0.16212000
 0.10187000   0.15813000
 0.09400000   0.15400000
 0.08661000   0.14974000
 0.07968000   0.14537000
 0.07320000   0.14090000
 0.06713000   0.13637000
 0.06147000   0.13179000
 0.05619000   0.12719000
 0.05127000   0.12256000
 0.04672000   0.11794000
 0.04251000   0.11334000
 0.03860000   0.10877000
 0.03500000   0.10424000
 0.03167000   0.09978000
 0.02862000   0.09538000
 0.02585000   0.09106000
 0.02329000   0.08682000
 0.02091000   0.08267000
 0.01875000   0.07862000
 0.01679000   0.07466000
 0.01499000   0.07081000
 0.01333000   0.06707000
 0.01184000   0.06344000
 0.01048000   0.05993000
 0.00926000   0.05653000
 0.00818000   0.05324000
 0.00720000   0.05006000
 0.00634000   0.04699000
 0.00560000   0.04400000
 0.00498000   0.04112000
 0.00443000   0.03834000
 0.00392000   0.03566000
 0.00348000   0.03308000
 0.00311000   0.03060000
 0.00279000   0.02822000
 0.00251000   0.02593000
 0.00222000   0.02374000
 0.00194000   0.02165000
 0.00166000   0.01964000
 0.00142000   0.01772000
 0.00121000   0.01588000
 0.00102000   0.01411000
 0.00084000   0.01242000
 0.00068000   0.01079000
 0.00056000   0.00924000
 0.00047000   0.00774000
 0.00038000   0.00632000
 0.00030000   0.00495000
 0.00019000   0.00364000
 0.00011000   0.00239000
 0.00004000   0.00118000
 0.00000000   0.00000000
 0.00004000  -0.00110000
 0.00008000  -0.00230000
 0.00011000  -0.00356000
 0.00015000  -0.00487000
 0.00020000  -0.00624000
 0.00031000  -0.00768000
 0.00042000  -0.00917000
 0.00052000  -0.01074000
 0.00063000  -0.01237000
 0.00077000  -0.01408000
 0.00094000  -0.01586000
 0.00114000  -0.01772000
 0.00136000  -0.01965000
 0.00160000  -0.02168000
 0.00188000  -0.02379000
 0.00218000  -0.02599000
 0.00251000  -0.02830000
 0.00287000  -0.03069000
 0.00326000  -0.03319000
 0.00373000  -0.03578000
 0.00430000  -0.03847000
 0.00495000  -0.04125000
 0.00566000  -0.04414000
 0.00646000  -0.04713000
 0.00739000  -0.05021000
 0.00843000  -0.05340000
 0.00960000  -0.05670000
 0.01090000  -0.06011000
 0.01234000  -0.06363000
 0.01393000  -0.06725000
 0.01570000  -0.07098000
 0.01764000  -0.07480000
 0.01975000  -0.07872000
 0.02207000  -0.08271000
 0.02464000  -0.08678000
 0.02742000  -0.09092000
 0.03044000  -0.09512000
 0.03372000  -0.09938000
 0.03730000  -0.10369000
 0.04124000  -0.10803000
 0.04545000  -0.11241000
 0.04999000  -0.11681000
 0.05493000  -0.12120000
 0.06022000  -0.12557000
 0.06589000  -0.12992000
 0.07195000  -0.13423000
 0.07840000  -0.13849000
 0.08531000  -0.14268000
 0.09265000  -0.14679000
 0.10044000  -0.15081000
 0.10870000  -0.15472000
 0.11742000  -0.15852000
 0.12664000  -0.16217000
 0.13632000  -0.16568000
 0.14651000  -0.16905000
 0.15720000  -0.17560000
 0.16838000  -0.18096000
 0.18009000  -0.18553000
 0.19228000  -0.18957000
 0.20501000  -0.19311000
 0.21824000  -0.19622000
 0.23199000  -0.19890000
 0.24625000  -0.20115000
 0.26101000  -0.20298000
 0.27627000  -0.20435000
 0.29204000  -0.20522000
 0.30829000  -0.20561000
 0.32502000  -0.20550000
 0.34221000  -0.20488000
 0.35984000  -0.20361000
 0.37792000  -0.20183000
 0.39640000  -0.19938000
 0.41526000  -0.19628000
 0.43450000  -0.19254000
 0.45408000  -0.18811000
 0.47396000  -0.18295000
 0.49416000  -0.17719000
 0.51462000  -0.17072000
 0.53487000  -0.16366000
 0.55512000  -0.15593000
 0.57562000  -0.14759000
 0.59639000  -0.13870000
 0.61741000  -0.12928000
 0.63870000  -0.11936000
 0.66027000  -0.10903000
 0.68214000  -0.09836000
 0.70435000  -0.08750000
 0.72693000  -0.07654000
 0.74992000  -0.06569000
 0.77336000  -0.05516000
 0.79724000  -0.04505000
 0.82158000  -0.03563000
 0.84634000  -0.02702000
 0.87153000  -0.01965000
 0.89710000  -0.01391000
 0.92295000  -0.01010000
 0.94899000  -0.00572000
 0.97531000  -0.00416000
 1.00000000  -0.00026000
