IEA-15-240-RWT_AF26_Coords
       202   NumCoords         ! Number of coordinates including the reference point.
! x-y coordinate of airfoil reference
0.25        0
! coordinates of airfoil shape
-15.00000000  -240.00000000
 1.00000000   0.00676000
 0.98043000   0.01103000
 0.96087000   0.01529000
 0.94133000   0.01953000
 0.92184000   0.02376000
 0.90241000   0.02812000
 0.88306000   0.03251000
 0.86378000   0.03692000
 0.84460000   0.04136000
 0.82552000   0.04578000
 0.80655000   0.05020000
 0.78770000   0.05460000
 0.76898000   0.05896000
 0.75039000   0.06328000
 0.73195000   0.06754000
 0.71366000   0.07175000
 0.69553000   0.07587000
 0.67756000   0.07991000
 0.65978000   0.08386000
 0.64217000   0.08770000
 0.62475000   0.09144000
 0.60752000   0.09506000
 0.59050000   0.09856000
 0.57367000   0.10192000
 0.55707000   0.10516000
 0.54068000   0.10825000
 0.52451000   0.11121000
 0.50857000   0.11400000
 0.49286000   0.11666000
 0.47738000   0.11915000
 0.46214000   0.12147000
 0.44715000   0.12362000
 0.43240000   0.12569000
 0.41790000   0.12763000
 0.40365000   0.12938000
 0.38965000   0.13095000
 0.37591000   0.13230000
 0.36243000   0.13345000
 0.34920000   0.13441000
 0.33625000   0.13516000
 0.32355000   0.13570000
 0.31112000   0.13603000
 0.29896000   0.13616000
 0.28707000   0.13607000
 0.27544000   0.13578000
 0.26409000   0.13527000
 0.25300000   0.13456000
 0.24219000   0.13374000
 0.23166000   0.13285000
 0.22139000   0.13182000
 0.21139000   0.13064000
 0.20167000   0.12929000
 0.19222000   0.12781000
 0.18303000   0.12617000
 0.17412000   0.12440000
 0.16548000   0.12251000
 0.15710000   0.12050000
 0.14898000   0.11838000
 0.14113000   0.11615000
 0.13353000   0.11382000
 0.12619000   0.11141000
 0.11910000   0.10891000
 0.11226000   0.10634000
 0.10567000   0.10370000
 0.09931000   0.10101000
 0.09320000   0.09825000
 0.08732000   0.09545000
 0.08166000   0.09261000
 0.07624000   0.08972000
 0.07103000   0.08681000
 0.06604000   0.08387000
 0.06127000   0.08090000
 0.05670000   0.07792000
 0.05235000   0.07492000
 0.04819000   0.07190000
 0.04424000   0.06888000
 0.04049000   0.06584000
 0.03694000   0.06279000
 0.03357000   0.05975000
 0.03038000   0.05672000
 0.02732000   0.05376000
 0.02441000   0.05083000
 0.02169000   0.04789000
 0.01914000   0.04497000
 0.01677000   0.04206000
 0.01457000   0.03916000
 0.01253000   0.03629000
 0.01065000   0.03344000
 0.00894000   0.03062000
 0.00737000   0.02783000
 0.00595000   0.02507000
 0.00473000   0.02234000
 0.00365000   0.01964000
 0.00273000   0.01698000
 0.00198000   0.01438000
 0.00131000   0.01182000
 0.00081000   0.00933000
 0.00050000   0.00690000
 0.00024000   0.00453000
 0.00007000   0.00222000
 0.00000000   0.00000000
 0.00008000  -0.00223000
 0.00031000  -0.00453000
 0.00065000  -0.00690000
 0.00107000  -0.00930000
 0.00177000  -0.01175000
 0.00270000  -0.01424000
 0.00373000  -0.01677000
 0.00492000  -0.01932000
 0.00629000  -0.02190000
 0.00779000  -0.02451000
 0.00944000  -0.02715000
 0.01127000  -0.02981000
 0.01324000  -0.03248000
 0.01540000  -0.03515000
 0.01771000  -0.03785000
 0.02016000  -0.04058000
 0.02276000  -0.04333000
 0.02553000  -0.04609000
 0.02846000  -0.04888000
 0.03155000  -0.05168000
 0.03480000  -0.05450000
 0.03823000  -0.05733000
 0.04182000  -0.06019000
 0.04559000  -0.06305000
 0.04953000  -0.06595000
 0.05363000  -0.06888000
 0.05792000  -0.07183000
 0.06240000  -0.07478000
 0.06708000  -0.07774000
 0.07196000  -0.08069000
 0.07705000  -0.08363000
 0.08236000  -0.08656000
 0.08788000  -0.08947000
 0.09363000  -0.09237000
 0.09960000  -0.09523000
 0.10581000  -0.09807000
 0.11226000  -0.10086000
 0.11895000  -0.10361000
 0.12589000  -0.10630000
 0.13309000  -0.10892000
 0.14055000  -0.11148000
 0.14826000  -0.11395000
 0.15625000  -0.11632000
 0.16450000  -0.11860000
 0.17303000  -0.12078000
 0.18184000  -0.12283000
 0.19092000  -0.12475000
 0.20029000  -0.12653000
 0.20994000  -0.12815000
 0.21987000  -0.12962000
 0.23008000  -0.13092000
 0.24059000  -0.13204000
 0.25137000  -0.13313000
 0.26244000  -0.13405000
 0.27379000  -0.13475000
 0.28542000  -0.13521000
 0.29734000  -0.13541000
 0.30952000  -0.13534000
 0.32198000  -0.13501000
 0.33471000  -0.13438000
 0.34770000  -0.13345000
 0.36095000  -0.13221000
 0.37445000  -0.13062000
 0.38820000  -0.12868000
 0.40219000  -0.12641000
 0.41640000  -0.12376000
 0.43084000  -0.12077000
 0.44550000  -0.11741000
 0.46036000  -0.11369000
 0.47541000  -0.10961000
 0.49066000  -0.10541000
 0.50610000  -0.10090000
 0.52171000  -0.09606000
 0.53750000  -0.09092000
 0.55347000  -0.08552000
 0.56961000  -0.07987000
 0.58594000  -0.07400000
 0.60246000  -0.06796000
 0.61918000  -0.06179000
 0.63610000  -0.05554000
 0.65325000  -0.04928000
 0.67064000  -0.04306000
 0.68827000  -0.03696000
 0.70617000  -0.03105000
 0.72434000  -0.02538000
 0.74278000  -0.02003000
 0.76149000  -0.01506000
 0.78048000  -0.01058000
 0.79974000  -0.00670000
 0.81924000  -0.00343000
 0.83895000  -0.00080000
 0.85884000   0.00112000
 0.87888000   0.00239000
 0.89903000   0.00292000
 0.91925000   0.00266000
 0.93950000   0.00159000
 0.95973000  -0.00025000
 0.97990000  -0.00288000
 1.00000000  -0.00628000
