IEA-15-240-RWT_AF02_Coords
       202   NumCoords         ! Number of coordinates including the reference point.
! x-y coordinate of airfoil reference
0.25        0
! coordinates of airfoil shape
-15.00000000  -240.00000000
 1.00000000   0.00003000
 0.99938000   0.02173000
 0.99626000   0.04383000
 0.99187000   0.06559000
 0.98654000   0.08721000
 0.98038000   0.10864000
 0.97335000   0.12983000
 0.96547000   0.15074000
 0.95676000   0.17132000
 0.94725000   0.19153000
 0.93695000   0.21134000
 0.92589000   0.23049000
 0.91411000   0.24906000
 0.90162000   0.26708000
 0.88847000   0.28454000
 0.87469000   0.30133000
 0.86031000   0.31750000
 0.84534000   0.33297000
 0.82986000   0.34775000
 0.81389000   0.36182000
 0.79746000   0.37517000
 0.78062000   0.38777000
 0.76340000   0.39958000
 0.74584000   0.41063000
 0.72800000   0.42086000
 0.70991000   0.43032000
 0.69160000   0.43899000
 0.67312000   0.44683000
 0.65450000   0.45390000
 0.63578000   0.46022000
 0.61700000   0.46566000
 0.59819000   0.47041000
 0.57939000   0.47435000
 0.56063000   0.47752000
 0.54195000   0.48000000
 0.52338000   0.48168000
 0.50495000   0.48274000
 0.48669000   0.48293000
 0.46862000   0.48263000
 0.45078000   0.48155000
 0.43319000   0.48001000
 0.41587000   0.47768000
 0.39885000   0.47486000
 0.38213000   0.47142000
 0.36574000   0.46751000
 0.34969000   0.46306000
 0.33399000   0.45815000
 0.31867000   0.45278000
 0.30372000   0.44699000
 0.28917000   0.44078000
 0.27500000   0.43419000
 0.26124000   0.42726000
 0.24789000   0.41998000
 0.23496000   0.41240000
 0.22243000   0.40453000
 0.21032000   0.39642000
 0.19860000   0.38806000
 0.18729000   0.37951000
 0.17640000   0.37075000
 0.16592000   0.36181000
 0.15582000   0.35273000
 0.14613000   0.34350000
 0.13683000   0.33417000
 0.12791000   0.32472000
 0.11939000   0.31519000
 0.11123000   0.30559000
 0.10343000   0.29594000
 0.09599000   0.28625000
 0.08891000   0.27652000
 0.08218000   0.26679000
 0.07577000   0.25704000
 0.06970000   0.24731000
 0.06396000   0.23759000
 0.05853000   0.22790000
 0.05343000   0.21825000
 0.04862000   0.20864000
 0.04410000   0.19908000
 0.03986000   0.18960000
 0.03589000   0.18018000
 0.03218000   0.17084000
 0.02871000   0.16159000
 0.02546000   0.15242000
 0.02247000   0.14336000
 0.01972000   0.13439000
 0.01716000   0.12552000
 0.01482000   0.11676000
 0.01270000   0.10812000
 0.01074000   0.09959000
 0.00899000   0.09117000
 0.00745000   0.08288000
 0.00604000   0.07471000
 0.00478000   0.06666000
 0.00372000   0.05874000
 0.00282000   0.05094000
 0.00200000   0.04327000
 0.00134000   0.03573000
 0.00089000   0.02833000
 0.00055000   0.02105000
 0.00026000   0.01390000
 0.00007000   0.00688000
 0.00000000   0.00000000
 0.00007000  -0.00689000
 0.00025000  -0.01392000
 0.00052000  -0.02107000
 0.00084000  -0.02836000
 0.00128000  -0.03578000
 0.00196000  -0.04333000
 0.00279000  -0.05102000
 0.00370000  -0.05884000
 0.00475000  -0.06678000
 0.00601000  -0.07486000
 0.00742000  -0.08307000
 0.00897000  -0.09140000
 0.01074000  -0.09985000
 0.01269000  -0.10843000
 0.01482000  -0.11712000
 0.01718000  -0.12593000
 0.01976000  -0.13485000
 0.02253000  -0.14388000
 0.02554000  -0.15301000
 0.02880000  -0.16224000
 0.03229000  -0.17156000
 0.03605000  -0.18097000
 0.04007000  -0.19046000
 0.04434000  -0.20003000
 0.04892000  -0.20966000
 0.05379000  -0.21936000
 0.05895000  -0.22910000
 0.06445000  -0.23888000
 0.07026000  -0.24869000
 0.07640000  -0.25851000
 0.08290000  -0.26835000
 0.08973000  -0.27818000
 0.09692000  -0.28801000
 0.10446000  -0.29780000
 0.11238000  -0.30755000
 0.12067000  -0.31725000
 0.12933000  -0.32688000
 0.13839000  -0.33643000
 0.14784000  -0.34587000
 0.15773000  -0.35517000
 0.16800000  -0.36433000
 0.17869000  -0.37335000
 0.18982000  -0.38215000
 0.20137000  -0.39076000
 0.21333000  -0.39914000
 0.22572000  -0.40728000
 0.23852000  -0.41515000
 0.25176000  -0.42272000
 0.26541000  -0.42996000
 0.27948000  -0.43686000
 0.29397000  -0.44335000
 0.30886000  -0.44947000
 0.32415000  -0.45512000
 0.33982000  -0.46037000
 0.35587000  -0.46508000
 0.37228000  -0.46933000
 0.38901000  -0.47303000
 0.40609000  -0.47618000
 0.42346000  -0.47879000
 0.44113000  -0.48067000
 0.45906000  -0.48203000
 0.47722000  -0.48273000
 0.49561000  -0.48273000
 0.51417000  -0.48216000
 0.53289000  -0.48080000
 0.55175000  -0.47866000
 0.57070000  -0.47584000
 0.58972000  -0.47222000
 0.60877000  -0.46788000
 0.62781000  -0.46270000
 0.64680000  -0.45675000
 0.66571000  -0.44997000
 0.68449000  -0.44238000
 0.70312000  -0.43398000
 0.72154000  -0.42478000
 0.73969000  -0.41469000
 0.75757000  -0.40383000
 0.77510000  -0.39211000
 0.79226000  -0.37961000
 0.80901000  -0.36628000
 0.82528000  -0.35217000
 0.84104000  -0.33731000
 0.85626000  -0.32171000
 0.87087000  -0.30538000
 0.88485000  -0.28835000
 0.89816000  -0.27063000
 0.91076000  -0.25228000
 0.92262000  -0.23330000
 0.93373000  -0.21375000
 0.94408000  -0.19368000
 0.95362000  -0.17312000
 0.96240000  -0.15217000
 0.97039000  -0.13083000
 0.97758000  -0.10920000
 0.98399000  -0.08733000
 0.98972000  -0.06537000
 0.99471000  -0.04379000
 0.99879000  -0.02218000
 1.00000000   0.00003000
