IEA-15-240-RWT_AF01_Coords
       202   NumCoords         ! Number of coordinates including the reference point.
! x-y coordinate of airfoil reference
0.25        0
! coordinates of airfoil shape
-15.00000000  -240.00000000
 1.00000000   0.00000000
 0.99944000   0.02195000
 0.99812000   0.04384000
 0.99569000   0.06564000
 0.99230000   0.08730000
 0.98803000   0.10877000
 0.98281000   0.13000000
 0.97666000   0.15095000
 0.96964000   0.17158000
 0.96174000   0.19183000
 0.95297000   0.21168000
 0.94338000   0.23109000
 0.93300000   0.25000000
 0.92184000   0.26840000
 0.90995000   0.28624000
 0.89735000   0.30349000
 0.88407000   0.32012000
 0.87015000   0.33612000
 0.85564000   0.35143000
 0.84057000   0.36606000
 0.82496000   0.37999000
 0.80888000   0.39317000
 0.79235000   0.40561000
 0.77541000   0.41730000
 0.75811000   0.42821000
 0.74049000   0.43835000
 0.72258000   0.44772000
 0.70443000   0.45628000
 0.68607000   0.46408000
 0.66756000   0.47109000
 0.64891000   0.47729000
 0.63017000   0.48276000
 0.61139000   0.48742000
 0.59258000   0.49134000
 0.57379000   0.49454000
 0.55506000   0.49694000
 0.53640000   0.49871000
 0.51787000   0.49960000
 0.49947000   0.49999000
 0.48124000   0.49957000
 0.46321000   0.49869000
 0.44539000   0.49699000
 0.42783000   0.49479000
 0.41053000   0.49191000
 0.39351000   0.48853000
 0.37680000   0.48457000
 0.36041000   0.48012000
 0.34435000   0.47516000
 0.32865000   0.46972000
 0.31331000   0.46384000
 0.29834000   0.45752000
 0.28376000   0.45082000
 0.26956000   0.44372000
 0.25576000   0.43629000
 0.24237000   0.42851000
 0.22939000   0.42043000
 0.21681000   0.41206000
 0.20465000   0.40344000
 0.19290000   0.39457000
 0.18157000   0.38549000
 0.17065000   0.37620000
 0.16014000   0.36673000
 0.15005000   0.35711000
 0.14035000   0.34734000
 0.13106000   0.33746000
 0.12216000   0.32746000
 0.11365000   0.31739000
 0.10553000   0.30724000
 0.09779000   0.29703000
 0.09043000   0.28678000
 0.08341000   0.27650000
 0.07677000   0.26621000
 0.07047000   0.25592000
 0.06450000   0.24564000
 0.05888000   0.23539000
 0.05357000   0.22516000
 0.04857000   0.21497000
 0.04390000   0.20485000
 0.03949000   0.19477000
 0.03539000   0.18478000
 0.03158000   0.17486000
 0.02801000   0.16501000
 0.02471000   0.15527000
 0.02168000   0.14562000
 0.01886000   0.13606000
 0.01629000   0.12662000
 0.01397000   0.11729000
 0.01182000   0.10808000
 0.00988000   0.09898000
 0.00818000   0.09001000
 0.00663000   0.08116000
 0.00525000   0.07244000
 0.00408000   0.06385000
 0.00309000   0.05540000
 0.00219000   0.04707000
 0.00146000   0.03888000
 0.00096000   0.03084000
 0.00060000   0.02292000
 0.00029000   0.01514000
 0.00008000   0.00750000
 0.00000000   0.00000000
 0.00008000  -0.00750000
 0.00029000  -0.01515000
 0.00060000  -0.02294000
 0.00096000  -0.03086000
 0.00146000  -0.03892000
 0.00220000  -0.04713000
 0.00310000  -0.05548000
 0.00409000  -0.06395000
 0.00527000  -0.07257000
 0.00666000  -0.08132000
 0.00822000  -0.09021000
 0.00993000  -0.09921000
 0.01188000  -0.10835000
 0.01404000  -0.11762000
 0.01639000  -0.12699000
 0.01898000  -0.13649000
 0.02183000  -0.14610000
 0.02489000  -0.15581000
 0.02822000  -0.16562000
 0.03183000  -0.17553000
 0.03569000  -0.18552000
 0.03984000  -0.19559000
 0.04430000  -0.20574000
 0.04904000  -0.21594000
 0.05410000  -0.22621000
 0.05948000  -0.23652000
 0.06519000  -0.24685000
 0.07124000  -0.25722000
 0.07764000  -0.26760000
 0.08439000  -0.27797000
 0.09152000  -0.28834000
 0.09900000  -0.29867000
 0.10688000  -0.30896000
 0.11514000  -0.31919000
 0.12380000  -0.32935000
 0.13287000  -0.33942000
 0.14233000  -0.34937000
 0.15221000  -0.35921000
 0.16249000  -0.36889000
 0.17321000  -0.37842000
 0.18433000  -0.38775000
 0.19590000  -0.39689000
 0.20788000  -0.40578000
 0.22029000  -0.41443000
 0.23311000  -0.42280000
 0.24637000  -0.43089000
 0.26003000  -0.43864000
 0.27411000  -0.44606000
 0.28860000  -0.45310000
 0.30349000  -0.45976000
 0.31876000  -0.46599000
 0.33442000  -0.47179000
 0.35045000  -0.47710000
 0.36683000  -0.48194000
 0.38355000  -0.48623000
 0.40060000  -0.49003000
 0.41794000  -0.49321000
 0.43558000  -0.49584000
 0.45348000  -0.49786000
 0.47162000  -0.49915000
 0.48998000  -0.49986000
 0.50852000  -0.49989000
 0.52723000  -0.49920000
 0.54607000  -0.49790000
 0.56502000  -0.49576000
 0.58403000  -0.49287000
 0.60307000  -0.48926000
 0.62212000  -0.48484000
 0.64113000  -0.47966000
 0.66007000  -0.47369000
 0.67889000  -0.46689000
 0.69756000  -0.45931000
 0.71603000  -0.45091000
 0.73428000  -0.44170000
 0.75224000  -0.43170000
 0.76988000  -0.42089000
 0.78718000  -0.40929000
 0.80406000  -0.39691000
 0.82050000  -0.38376000
 0.83646000  -0.36984000
 0.85188000  -0.35520000
 0.86674000  -0.33984000
 0.88100000  -0.32378000
 0.89460000  -0.30706000
 0.90751000  -0.28969000
 0.91972000  -0.27171000
 0.93117000  -0.25315000
 0.94182000  -0.23406000
 0.95167000  -0.21445000
 0.96067000  -0.19438000
 0.96878000  -0.17389000
 0.97601000  -0.15301000
 0.98233000  -0.13178000
 0.98768000  -0.11027000
 0.99208000  -0.08852000
 0.99557000  -0.06656000
 0.99806000  -0.04446000
 0.99943000  -0.02226000
 1.00000000   0.00000000
