IEA-15-240-RWT_AF04_Coords
       202   NumCoords         ! Number of coordinates including the reference point.
! x-y coordinate of airfoil reference
0.25        0
! coordinates of airfoil shape
-15.00000000  -240.00000000
 1.00000000   0.00015000
 0.99669000   0.02073000
 0.98460000   0.04208000
 0.97060000   0.06234000
 0.95567000   0.08231000
 0.94016000   0.10205000
 0.92408000   0.12150000
 0.90754000   0.14068000
 0.89041000   0.15942000
 0.87283000   0.17777000
 0.85487000   0.19571000
 0.83646000   0.21255000
 0.81767000   0.22863000
 0.79855000   0.24410000
 0.77918000   0.25898000
 0.75945000   0.27302000
 0.73954000   0.28646000
 0.71936000   0.29905000
 0.69903000   0.31095000
 0.67857000   0.32213000
 0.65800000   0.33254000
 0.63739000   0.34223000
 0.61669000   0.35103000
 0.59599000   0.35905000
 0.57569000   0.36618000
 0.55591000   0.37257000
 0.53624000   0.37812000
 0.51672000   0.38284000
 0.49738000   0.38674000
 0.47827000   0.39009000
 0.45937000   0.39233000
 0.44075000   0.39406000
 0.42242000   0.39502000
 0.40442000   0.39512000
 0.38675000   0.39460000
 0.36945000   0.39334000
 0.35254000   0.39148000
 0.33603000   0.38887000
 0.31995000   0.38577000
 0.30431000   0.38205000
 0.28914000   0.37784000
 0.27445000   0.37297000
 0.26025000   0.36767000
 0.24653000   0.36194000
 0.23328000   0.35591000
 0.22054000   0.34947000
 0.20827000   0.34277000
 0.19652000   0.33574000
 0.18521000   0.32857000
 0.17444000   0.32106000
 0.16410000   0.31345000
 0.15426000   0.30565000
 0.14489000   0.29771000
 0.13599000   0.28968000
 0.12752000   0.28156000
 0.11947000   0.27343000
 0.11179000   0.26533000
 0.10448000   0.25726000
 0.09757000   0.24918000
 0.09104000   0.24112000
 0.08482000   0.23316000
 0.07893000   0.22526000
 0.07335000   0.21744000
 0.06811000   0.20967000
 0.06320000   0.20198000
 0.05852000   0.19440000
 0.05406000   0.18697000
 0.04987000   0.17962000
 0.04592000   0.17238000
 0.04220000   0.16526000
 0.03866000   0.15827000
 0.03536000   0.15137000
 0.03229000   0.14457000
 0.02943000   0.13788000
 0.02680000   0.13129000
 0.02436000   0.12481000
 0.02207000   0.11846000
 0.01996000   0.11223000
 0.01802000   0.10612000
 0.01620000   0.10014000
 0.01446000   0.09429000
 0.01281000   0.08856000
 0.01132000   0.08295000
 0.00997000   0.07744000
 0.00872000   0.07204000
 0.00754000   0.06675000
 0.00645000   0.06159000
 0.00545000   0.05652000
 0.00459000   0.05156000
 0.00383000   0.04670000
 0.00313000   0.04195000
 0.00248000   0.03730000
 0.00192000   0.03277000
 0.00148000   0.02832000
 0.00110000   0.02398000
 0.00078000   0.01973000
 0.00053000   0.01559000
 0.00031000   0.01154000
 0.00013000   0.00759000
 0.00003000   0.00373000
 0.00000000   0.00000000
 0.00002000  -0.00383000
 0.00007000  -0.00770000
 0.00018000  -0.01167000
 0.00031000  -0.01573000
 0.00051000  -0.01988000
 0.00090000  -0.02413000
 0.00134000  -0.02848000
 0.00178000  -0.03293000
 0.00227000  -0.03749000
 0.00287000  -0.04216000
 0.00356000  -0.04693000
 0.00432000  -0.05181000
 0.00518000  -0.05680000
 0.00613000  -0.06190000
 0.00718000  -0.06711000
 0.00835000  -0.07243000
 0.00964000  -0.07786000
 0.01099000  -0.08341000
 0.01243000  -0.08909000
 0.01402000  -0.09489000
 0.01575000  -0.10080000
 0.01761000  -0.10685000
 0.01957000  -0.11304000
 0.02167000  -0.11934000
 0.02396000  -0.12578000
 0.02642000  -0.13235000
 0.02907000  -0.13903000
 0.03194000  -0.14583000
 0.03503000  -0.15274000
 0.03832000  -0.15978000
 0.04187000  -0.16691000
 0.04563000  -0.17417000
 0.04960000  -0.18157000
 0.05380000  -0.18911000
 0.05831000  -0.19674000
 0.06304000  -0.20452000
 0.06803000  -0.21242000
 0.07333000  -0.22043000
 0.07897000  -0.22851000
 0.08505000  -0.23656000
 0.09141000  -0.24474000
 0.09811000  -0.25299000
 0.10530000  -0.26115000
 0.11285000  -0.26937000
 0.12081000  -0.27757000
 0.12918000  -0.28576000
 0.13795000  -0.29395000
 0.14722000  -0.30196000
 0.15694000  -0.30988000
 0.16715000  -0.31762000
 0.17787000  -0.32511000
 0.18905000  -0.33243000
 0.20077000  -0.33939000
 0.21294000  -0.34618000
 0.22563000  -0.35258000
 0.23881000  -0.35865000
 0.25246000  -0.36440000
 0.26662000  -0.36964000
 0.28122000  -0.37461000
 0.29632000  -0.37894000
 0.31186000  -0.38290000
 0.32785000  -0.38631000
 0.34429000  -0.38914000
 0.36114000  -0.39155000
 0.37839000  -0.39335000
 0.39605000  -0.39432000
 0.41407000  -0.39471000
 0.43244000  -0.39441000
 0.45112000  -0.39349000
 0.47011000  -0.39158000
 0.48937000  -0.38908000
 0.50885000  -0.38564000
 0.52853000  -0.38135000
 0.54839000  -0.37630000
 0.56837000  -0.37039000
 0.58840000  -0.36337000
 0.60851000  -0.35562000
 0.62856000  -0.34676000
 0.64917000  -0.33709000
 0.66990000  -0.32642000
 0.69042000  -0.31481000
 0.71073000  -0.30238000
 0.73077000  -0.28908000
 0.75046000  -0.27491000
 0.76973000  -0.25985000
 0.78858000  -0.24396000
 0.80703000  -0.22733000
 0.82495000  -0.20986000
 0.84248000  -0.19174000
 0.85965000  -0.17303000
 0.87642000  -0.15372000
 0.89313000  -0.13421000
 0.90961000  -0.11427000
 0.92608000  -0.09417000
 0.94267000  -0.07408000
 0.95964000  -0.05448000
 0.97697000  -0.03698000
 0.99383000  -0.02017000
 1.00000000   0.00015000
