IEA-15-240-RWT_AF34_Coords
       202   NumCoords         ! Number of coordinates including the reference point.
! x-y coordinate of airfoil reference
0.25        0
! coordinates of airfoil shape
-15.00000000  -240.00000000
 1.00000000   0.00260000
 0.97614000   0.00718000
 0.95232000   0.01186000
 0.92855000   0.01663000
 0.90487000   0.02151000
 0.88129000   0.02633000
 0.85786000   0.03121000
 0.83457000   0.03613000
 0.81146000   0.04108000
 0.78855000   0.04604000
 0.76585000   0.05101000
 0.74338000   0.05595000
 0.72115000   0.06086000
 0.69918000   0.06568000
 0.67748000   0.07042000
 0.65607000   0.07504000
 0.63496000   0.07952000
 0.61415000   0.08387000
 0.59366000   0.08801000
 0.57350000   0.09197000
 0.55368000   0.09571000
 0.53421000   0.09924000
 0.51509000   0.10256000
 0.49633000   0.10563000
 0.47795000   0.10849000
 0.45995000   0.11111000
 0.44233000   0.11345000
 0.42510000   0.11557000
 0.40826000   0.11738000
 0.39181000   0.11896000
 0.37577000   0.12028000
 0.36013000   0.12133000
 0.34489000   0.12196000
 0.33006000   0.12228000
 0.31563000   0.12235000
 0.30162000   0.12217000
 0.28801000   0.12178000
 0.27482000   0.12112000
 0.26203000   0.12027000
 0.24965000   0.11921000
 0.23767000   0.11797000
 0.22610000   0.11653000
 0.21492000   0.11491000
 0.20414000   0.11316000
 0.19374000   0.11129000
 0.18372000   0.10929000
 0.17408000   0.10718000
 0.16481000   0.10497000
 0.15590000   0.10272000
 0.14734000   0.10037000
 0.13913000   0.09803000
 0.13125000   0.09567000
 0.12371000   0.09328000
 0.11648000   0.09085000
 0.10956000   0.08839000
 0.10294000   0.08591000
 0.09662000   0.08343000
 0.09059000   0.08094000
 0.08483000   0.07845000
 0.07933000   0.07597000
 0.07410000   0.07350000
 0.06911000   0.07103000
 0.06437000   0.06858000
 0.05986000   0.06615000
 0.05558000   0.06374000
 0.05151000   0.06136000
 0.04766000   0.05901000
 0.04401000   0.05668000
 0.04056000   0.05438000
 0.03729000   0.05211000
 0.03421000   0.04987000
 0.03131000   0.04767000
 0.02857000   0.04550000
 0.02600000   0.04337000
 0.02359000   0.04126000
 0.02133000   0.03920000
 0.01923000   0.03717000
 0.01726000   0.03518000
 0.01543000   0.03323000
 0.01372000   0.03131000
 0.01215000   0.02943000
 0.01070000   0.02758000
 0.00934000   0.02578000
 0.00810000   0.02402000
 0.00697000   0.02229000
 0.00597000   0.02059000
 0.00506000   0.01893000
 0.00422000   0.01734000
 0.00347000   0.01578000
 0.00284000   0.01425000
 0.00230000   0.01273000
 0.00184000   0.01126000
 0.00148000   0.00982000
 0.00123000   0.00841000
 0.00103000   0.00705000
 0.00086000   0.00574000
 0.00071000   0.00449000
 0.00054000   0.00329000
 0.00038000   0.00214000
 0.00020000   0.00104000
 0.00000000   0.00000000
 0.00021000  -0.00104000
 0.00041000  -0.00213000
 0.00060000  -0.00327000
 0.00081000  -0.00447000
 0.00102000  -0.00571000
 0.00124000  -0.00701000
 0.00153000  -0.00835000
 0.00192000  -0.00972000
 0.00243000  -0.01111000
 0.00307000  -0.01249000
 0.00384000  -0.01387000
 0.00475000  -0.01522000
 0.00581000  -0.01656000
 0.00698000  -0.01792000
 0.00817000  -0.01934000
 0.00946000  -0.02079000
 0.01088000  -0.02224000
 0.01241000  -0.02371000
 0.01406000  -0.02520000
 0.01582000  -0.02673000
 0.01772000  -0.02827000
 0.01974000  -0.02982000
 0.02190000  -0.03141000
 0.02418000  -0.03303000
 0.02659000  -0.03467000
 0.02916000  -0.03633000
 0.03186000  -0.03803000
 0.03473000  -0.03975000
 0.03775000  -0.04150000
 0.04094000  -0.04327000
 0.04429000  -0.04507000
 0.04783000  -0.04690000
 0.05155000  -0.04875000
 0.05546000  -0.05063000
 0.05957000  -0.05253000
 0.06388000  -0.05447000
 0.06840000  -0.05642000
 0.07315000  -0.05840000
 0.07813000  -0.06044000
 0.08335000  -0.06256000
 0.08881000  -0.06471000
 0.09454000  -0.06687000
 0.10052000  -0.06905000
 0.10679000  -0.07124000
 0.11334000  -0.07343000
 0.12018000  -0.07563000
 0.12732000  -0.07781000
 0.13478000  -0.07998000
 0.14257000  -0.08214000
 0.15068000  -0.08427000
 0.15913000  -0.08636000
 0.16794000  -0.08840000
 0.17710000  -0.09038000
 0.18663000  -0.09229000
 0.19654000  -0.09412000
 0.20682000  -0.09585000
 0.21750000  -0.09747000
 0.22856000  -0.09897000
 0.24003000  -0.10034000
 0.25191000  -0.10156000
 0.26419000  -0.10261000
 0.27688000  -0.10348000
 0.28999000  -0.10416000
 0.30351000  -0.10458000
 0.31744000  -0.10480000
 0.33178000  -0.10474000
 0.34653000  -0.10439000
 0.36169000  -0.10374000
 0.37724000  -0.10276000
 0.39318000  -0.10145000
 0.40949000  -0.09933000
 0.42618000  -0.09677000
 0.44322000  -0.09375000
 0.46060000  -0.09028000
 0.47831000  -0.08634000
 0.49633000  -0.08194000
 0.51467000  -0.07711000
 0.53333000  -0.07191000
 0.55230000  -0.06638000
 0.57158000  -0.06055000
 0.59118000  -0.05448000
 0.61111000  -0.04824000
 0.63138000  -0.04192000
 0.65201000  -0.03559000
 0.67301000  -0.02937000
 0.69440000  -0.02336000
 0.71619000  -0.01766000
 0.73836000  -0.01236000
 0.76093000  -0.00755000
 0.78388000  -0.00337000
 0.80717000   0.00010000
 0.83077000   0.00288000
 0.85462000   0.00479000
 0.87867000   0.00581000
 0.90287000   0.00592000
 0.92716000   0.00513000
 0.95146000   0.00364000
 0.97576000   0.00134000
 1.00000000  -0.00170000
