IEA-15-240-RWT_AF37_Coords
       202   NumCoords         ! Number of coordinates including the reference point.
! x-y coordinate of airfoil reference
0.25        0
! coordinates of airfoil shape
-15.00000000  -240.00000000
 1.00000000   0.00104000
 0.97616000   0.00508000
 0.95238000   0.00925000
 0.92866000   0.01353000
 0.90504000   0.01796000
 0.88154000   0.02250000
 0.85819000   0.02712000
 0.83499000   0.03182000
 0.81197000   0.03656000
 0.78915000   0.04136000
 0.76656000   0.04619000
 0.74420000   0.05104000
 0.72209000   0.05588000
 0.70025000   0.06065000
 0.67868000   0.06537000
 0.65740000   0.06998000
 0.63642000   0.07447000
 0.61575000   0.07884000
 0.59540000   0.08302000
 0.57537000   0.08701000
 0.55567000   0.09079000
 0.53633000   0.09437000
 0.51734000   0.09774000
 0.49870000   0.10084000
 0.48044000   0.10378000
 0.46256000   0.10649000
 0.44506000   0.10890000
 0.42794000   0.11110000
 0.41120000   0.11296000
 0.39487000   0.11463000
 0.37893000   0.11602000
 0.36338000   0.11712000
 0.34824000   0.11792000
 0.33350000   0.11851000
 0.31917000   0.11874000
 0.30524000   0.11872000
 0.29173000   0.11846000
 0.27863000   0.11787000
 0.26593000   0.11710000
 0.25364000   0.11613000
 0.24175000   0.11495000
 0.23027000   0.11356000
 0.21920000   0.11197000
 0.20850000   0.11027000
 0.19819000   0.10847000
 0.18826000   0.10654000
 0.17871000   0.10450000
 0.16952000   0.10236000
 0.16066000   0.10022000
 0.15218000   0.09795000
 0.14402000   0.09564000
 0.13619000   0.09333000
 0.12868000   0.09098000
 0.12149000   0.08859000
 0.11459000   0.08618000
 0.10799000   0.08375000
 0.10168000   0.08131000
 0.09564000   0.07888000
 0.08986000   0.07646000
 0.08435000   0.07404000
 0.07908000   0.07163000
 0.07406000   0.06924000
 0.06927000   0.06686000
 0.06470000   0.06449000
 0.06036000   0.06215000
 0.05622000   0.05984000
 0.05228000   0.05756000
 0.04854000   0.05531000
 0.04499000   0.05308000
 0.04162000   0.05088000
 0.03842000   0.04872000
 0.03540000   0.04658000
 0.03253000   0.04448000
 0.02983000   0.04242000
 0.02727000   0.04038000
 0.02486000   0.03839000
 0.02259000   0.03643000
 0.02046000   0.03450000
 0.01846000   0.03261000
 0.01658000   0.03075000
 0.01484000   0.02893000
 0.01321000   0.02713000
 0.01168000   0.02538000
 0.01026000   0.02367000
 0.00896000   0.02199000
 0.00777000   0.02033000
 0.00668000   0.01871000
 0.00564000   0.01715000
 0.00469000   0.01563000
 0.00387000   0.01413000
 0.00316000   0.01264000
 0.00255000   0.01119000
 0.00206000   0.00977000
 0.00170000   0.00836000
 0.00140000   0.00701000
 0.00115000   0.00571000
 0.00092000   0.00446000
 0.00069000   0.00327000
 0.00047000   0.00213000
 0.00024000   0.00104000
 0.00000000   0.00000000
 0.00025000  -0.00104000
 0.00050000  -0.00212000
 0.00076000  -0.00325000
 0.00104000  -0.00444000
 0.00133000  -0.00567000
 0.00166000  -0.00696000
 0.00204000  -0.00830000
 0.00255000  -0.00965000
 0.00321000  -0.01101000
 0.00403000  -0.01236000
 0.00499000  -0.01370000
 0.00611000  -0.01500000
 0.00737000  -0.01628000
 0.00873000  -0.01758000
 0.01014000  -0.01893000
 0.01166000  -0.02031000
 0.01330000  -0.02168000
 0.01506000  -0.02305000
 0.01693000  -0.02445000
 0.01890000  -0.02588000
 0.02100000  -0.02732000
 0.02322000  -0.02878000
 0.02557000  -0.03026000
 0.02804000  -0.03177000
 0.03065000  -0.03329000
 0.03340000  -0.03484000
 0.03630000  -0.03640000
 0.03934000  -0.03799000
 0.04254000  -0.03960000
 0.04591000  -0.04124000
 0.04944000  -0.04289000
 0.05314000  -0.04457000
 0.05702000  -0.04626000
 0.06109000  -0.04798000
 0.06536000  -0.04971000
 0.06982000  -0.05147000
 0.07448000  -0.05325000
 0.07937000  -0.05505000
 0.08447000  -0.05687000
 0.08981000  -0.05871000
 0.09538000  -0.06057000
 0.10120000  -0.06244000
 0.10728000  -0.06431000
 0.11362000  -0.06619000
 0.12023000  -0.06806000
 0.12712000  -0.06992000
 0.13431000  -0.07177000
 0.14180000  -0.07361000
 0.14959000  -0.07543000
 0.15769000  -0.07722000
 0.16613000  -0.07897000
 0.17490000  -0.08067000
 0.18401000  -0.08232000
 0.19348000  -0.08391000
 0.20331000  -0.08541000
 0.21350000  -0.08681000
 0.22407000  -0.08812000
 0.23502000  -0.08932000
 0.24636000  -0.09040000
 0.25809000  -0.09132000
 0.27022000  -0.09210000
 0.28276000  -0.09270000
 0.29570000  -0.09310000
 0.30905000  -0.09324000
 0.32280000  -0.09323000
 0.33697000  -0.09289000
 0.35154000  -0.09225000
 0.36651000  -0.09131000
 0.38188000  -0.09003000
 0.39764000  -0.08839000
 0.41377000  -0.08638000
 0.43028000  -0.08396000
 0.44715000  -0.08111000
 0.46436000  -0.07783000
 0.48191000  -0.07412000
 0.49979000  -0.06999000
 0.51800000  -0.06549000
 0.53654000  -0.06071000
 0.55543000  -0.05569000
 0.57465000  -0.05045000
 0.59421000  -0.04505000
 0.61413000  -0.03957000
 0.63441000  -0.03409000
 0.65505000  -0.02867000
 0.67606000  -0.02339000
 0.69744000  -0.01834000
 0.71919000  -0.01359000
 0.74129000  -0.00920000
 0.76374000  -0.00523000
 0.78650000  -0.00174000
 0.80955000   0.00117000
 0.83288000   0.00345000
 0.85642000   0.00506000
 0.88015000   0.00594000
 0.90403000   0.00604000
 0.92798000   0.00529000
 0.95198000   0.00398000
 0.97599000   0.00206000
 1.00000000  -0.00045000
