IEA-15-240-RWT_AF19_Coords
       202   NumCoords         ! Number of coordinates including the reference point.
! x-y coordinate of airfoil reference
0.25        0
! coordinates of airfoil shape
-15.00000000  -240.00000000
 1.00000000   0.01047000
 0.97892000   0.01546000
 0.95784000   0.02052000
 0.93680000   0.02561000
 0.91582000   0.03077000
 0.89492000   0.03599000
 0.87413000   0.04124000
 0.85344000   0.04651000
 0.83287000   0.05177000
 0.81243000   0.05700000
 0.79213000   0.06219000
 0.77199000   0.06733000
 0.75202000   0.07239000
 0.73221000   0.07736000
 0.71260000   0.08223000
 0.69318000   0.08699000
 0.67396000   0.09163000
 0.65497000   0.09615000
 0.63619000   0.10053000
 0.61765000   0.10477000
 0.59935000   0.10886000
 0.58130000   0.11280000
 0.56351000   0.11658000
 0.54598000   0.12020000
 0.52872000   0.12364000
 0.51173000   0.12690000
 0.49501000   0.12996000
 0.47858000   0.13284000
 0.46243000   0.13552000
 0.44657000   0.13800000
 0.43101000   0.14027000
 0.41574000   0.14234000
 0.40077000   0.14421000
 0.38610000   0.14587000
 0.37173000   0.14733000
 0.35766000   0.14855000
 0.34390000   0.14961000
 0.33044000   0.15042000
 0.31729000   0.15094000
 0.30445000   0.15124000
 0.29192000   0.15132000
 0.27970000   0.15121000
 0.26779000   0.15093000
 0.25618000   0.15052000
 0.24489000   0.15001000
 0.23391000   0.14942000
 0.22323000   0.14851000
 0.21287000   0.14707000
 0.20280000   0.14572000
 0.19304000   0.14420000
 0.18357000   0.14255000
 0.17440000   0.14074000
 0.16552000   0.13880000
 0.15693000   0.13673000
 0.14863000   0.13454000
 0.14061000   0.13223000
 0.13286000   0.12981000
 0.12539000   0.12729000
 0.11819000   0.12467000
 0.11125000   0.12197000
 0.10457000   0.11918000
 0.09815000   0.11631000
 0.09199000   0.11337000
 0.08607000   0.11037000
 0.08040000   0.10731000
 0.07496000   0.10420000
 0.06977000   0.10105000
 0.06480000   0.09785000
 0.06006000   0.09462000
 0.05555000   0.09137000
 0.05125000   0.08808000
 0.04717000   0.08478000
 0.04331000   0.08147000
 0.03964000   0.07814000
 0.03618000   0.07481000
 0.03292000   0.07149000
 0.02984000   0.06817000
 0.02696000   0.06486000
 0.02424000   0.06158000
 0.02171000   0.05831000
 0.01934000   0.05507000
 0.01714000   0.05186000
 0.01510000   0.04868000
 0.01322000   0.04553000
 0.01148000   0.04243000
 0.00990000   0.03936000
 0.00844000   0.03635000
 0.00710000   0.03339000
 0.00589000   0.03047000
 0.00483000   0.02761000
 0.00391000   0.02479000
 0.00313000   0.02202000
 0.00250000   0.01930000
 0.00196000   0.01665000
 0.00151000   0.01406000
 0.00112000   0.01154000
 0.00078000   0.00910000
 0.00048000   0.00672000
 0.00027000   0.00441000
 0.00010000   0.00216000
 0.00000000   0.00000000
 0.00010000  -0.00220000
 0.00026000  -0.00445000
 0.00048000  -0.00676000
 0.00079000  -0.00914000
 0.00115000  -0.01159000
 0.00156000  -0.01411000
 0.00205000  -0.01669000
 0.00267000  -0.01934000
 0.00339000  -0.02205000
 0.00427000  -0.02480000
 0.00528000  -0.02761000
 0.00644000  -0.03046000
 0.00775000  -0.03335000
 0.00920000  -0.03629000
 0.01077000  -0.03927000
 0.01248000  -0.04231000
 0.01434000  -0.04538000
 0.01636000  -0.04848000
 0.01855000  -0.05161000
 0.02091000  -0.05476000
 0.02343000  -0.05794000
 0.02614000  -0.06114000
 0.02902000  -0.06435000
 0.03209000  -0.06758000
 0.03534000  -0.07081000
 0.03878000  -0.07406000
 0.04242000  -0.07731000
 0.04626000  -0.08056000
 0.05030000  -0.08380000
 0.05455000  -0.08704000
 0.05902000  -0.09026000
 0.06370000  -0.09346000
 0.06860000  -0.09665000
 0.07372000  -0.09981000
 0.07907000  -0.10295000
 0.08465000  -0.10607000
 0.09048000  -0.10914000
 0.09654000  -0.11218000
 0.10286000  -0.11517000
 0.10943000  -0.11811000
 0.11625000  -0.12098000
 0.12335000  -0.12379000
 0.13071000  -0.12654000
 0.13834000  -0.12920000
 0.14626000  -0.13177000
 0.15446000  -0.13425000
 0.16295000  -0.13662000
 0.17174000  -0.13887000
 0.18083000  -0.14098000
 0.19022000  -0.14296000
 0.19991000  -0.14478000
 0.20993000  -0.14644000
 0.22025000  -0.14826000
 0.23089000  -0.14998000
 0.24185000  -0.15141000
 0.25312000  -0.15183000
 0.26472000  -0.15218000
 0.27663000  -0.15240000
 0.28887000  -0.15245000
 0.30142000  -0.15229000
 0.31428000  -0.15183000
 0.32745000  -0.15106000
 0.34093000  -0.15005000
 0.35471000  -0.14871000
 0.36879000  -0.14704000
 0.38316000  -0.14504000
 0.39782000  -0.14269000
 0.41276000  -0.13999000
 0.42798000  -0.13693000
 0.44346000  -0.13350000
 0.45921000  -0.12970000
 0.47520000  -0.12552000
 0.49144000  -0.12096000
 0.50792000  -0.11605000
 0.52462000  -0.11076000
 0.54155000  -0.10514000
 0.55871000  -0.09918000
 0.57608000  -0.09292000
 0.59368000  -0.08639000
 0.61149000  -0.07962000
 0.62954000  -0.07266000
 0.64783000  -0.06558000
 0.66638000  -0.05843000
 0.68519000  -0.05130000
 0.70430000  -0.04427000
 0.72371000  -0.03741000
 0.74344000  -0.03085000
 0.76350000  -0.02468000
 0.78389000  -0.01898000
 0.80461000  -0.01384000
 0.82566000  -0.00943000
 0.84700000  -0.00581000
 0.86860000  -0.00307000
 0.89040000  -0.00130000
 0.91236000  -0.00060000
 0.93440000  -0.00100000
 0.95643000  -0.00265000
 0.97833000  -0.00610000
 1.00000000  -0.01094000
