IEA-15-240-RWT_AF24_Coords
       202   NumCoords         ! Number of coordinates including the reference point.
! x-y coordinate of airfoil reference
0.25        0
! coordinates of airfoil shape
-15.00000000  -240.00000000
 1.00000000   0.00777000
 0.97825000   0.01288000
 0.95650000   0.01792000
 0.93480000   0.02288000
 0.91316000   0.02775000
 0.89162000   0.03283000
 0.87017000   0.03794000
 0.84884000   0.04307000
 0.82765000   0.04820000
 0.80659000   0.05329000
 0.78569000   0.05835000
 0.76495000   0.06335000
 0.74439000   0.06828000
 0.72402000   0.07312000
 0.70386000   0.07786000
 0.68390000   0.08249000
 0.66417000   0.08699000
 0.64468000   0.09137000
 0.62542000   0.09560000
 0.60642000   0.09968000
 0.58768000   0.10361000
 0.56921000   0.10737000
 0.55102000   0.11097000
 0.53311000   0.11438000
 0.51549000   0.11761000
 0.49816000   0.12064000
 0.48114000   0.12347000
 0.46442000   0.12609000
 0.44801000   0.12851000
 0.43191000   0.13072000
 0.41613000   0.13270000
 0.40067000   0.13447000
 0.38553000   0.13618000
 0.37072000   0.13780000
 0.35624000   0.13918000
 0.34209000   0.14027000
 0.32827000   0.14061000
 0.31478000   0.14082000
 0.30163000   0.14086000
 0.28882000   0.14074000
 0.27634000   0.14045000
 0.26419000   0.13998000
 0.25239000   0.13935000
 0.24092000   0.13852000
 0.22979000   0.13751000
 0.21899000   0.13631000
 0.20853000   0.13492000
 0.19840000   0.13335000
 0.18859000   0.13163000
 0.17912000   0.12977000
 0.16996000   0.12777000
 0.16113000   0.12563000
 0.15261000   0.12338000
 0.14440000   0.12102000
 0.13650000   0.11855000
 0.12889000   0.11599000
 0.12158000   0.11336000
 0.11456000   0.11065000
 0.10782000   0.10788000
 0.10136000   0.10506000
 0.09516000   0.10219000
 0.08923000   0.09929000
 0.08355000   0.09635000
 0.07813000   0.09339000
 0.07294000   0.09041000
 0.06800000   0.08741000
 0.06328000   0.08442000
 0.05879000   0.08142000
 0.05452000   0.07842000
 0.05045000   0.07544000
 0.04659000   0.07246000
 0.04294000   0.06950000
 0.03947000   0.06655000
 0.03619000   0.06363000
 0.03310000   0.06073000
 0.03018000   0.05786000
 0.02744000   0.05501000
 0.02486000   0.05218000
 0.02244000   0.04940000
 0.02017000   0.04666000
 0.01803000   0.04398000
 0.01601000   0.04135000
 0.01414000   0.03876000
 0.01240000   0.03621000
 0.01080000   0.03369000
 0.00934000   0.03121000
 0.00799000   0.02878000
 0.00674000   0.02641000
 0.00562000   0.02407000
 0.00461000   0.02178000
 0.00372000   0.01954000
 0.00295000   0.01735000
 0.00229000   0.01519000
 0.00174000   0.01310000
 0.00129000   0.01105000
 0.00089000   0.00906000
 0.00059000   0.00713000
 0.00038000   0.00527000
 0.00020000   0.00345000
 0.00008000   0.00170000
 0.00000000   0.00000000
 0.00008000  -0.00167000
 0.00024000  -0.00343000
 0.00046000  -0.00524000
 0.00073000  -0.00709000
 0.00114000  -0.00900000
 0.00167000  -0.01096000
 0.00227000  -0.01296000
 0.00297000  -0.01501000
 0.00379000  -0.01711000
 0.00472000  -0.01924000
 0.00575000  -0.02142000
 0.00691000  -0.02365000
 0.00820000  -0.02590000
 0.00963000  -0.02818000
 0.01115000  -0.03052000
 0.01278000  -0.03291000
 0.01454000  -0.03534000
 0.01643000  -0.03780000
 0.01846000  -0.04031000
 0.02062000  -0.04286000
 0.02293000  -0.04546000
 0.02538000  -0.04809000
 0.02799000  -0.05076000
 0.03074000  -0.05347000
 0.03365000  -0.05623000
 0.03672000  -0.05904000
 0.03996000  -0.06188000
 0.04338000  -0.06477000
 0.04698000  -0.06767000
 0.05077000  -0.07061000
 0.05476000  -0.07357000
 0.05895000  -0.07655000
 0.06335000  -0.07955000
 0.06796000  -0.08257000
 0.07280000  -0.08560000
 0.07787000  -0.08863000
 0.08317000  -0.09167000
 0.08872000  -0.09469000
 0.09452000  -0.09771000
 0.10058000  -0.10070000
 0.10691000  -0.10367000
 0.11351000  -0.10660000
 0.12039000  -0.10949000
 0.12756000  -0.11233000
 0.13503000  -0.11511000
 0.14279000  -0.11781000
 0.15087000  -0.12042000
 0.15926000  -0.12294000
 0.16798000  -0.12535000
 0.17702000  -0.12764000
 0.18639000  -0.12980000
 0.19611000  -0.13181000
 0.20616000  -0.13367000
 0.21655000  -0.13537000
 0.22729000  -0.13691000
 0.23838000  -0.13827000
 0.24982000  -0.13947000
 0.26161000  -0.14051000
 0.27375000  -0.14141000
 0.28624000  -0.14219000
 0.29907000  -0.14289000
 0.31226000  -0.14314000
 0.32578000  -0.14252000
 0.33963000  -0.14150000
 0.35382000  -0.14009000
 0.36833000  -0.13826000
 0.38316000  -0.13601000
 0.39829000  -0.13333000
 0.41373000  -0.13021000
 0.42945000  -0.12664000
 0.44546000  -0.12314000
 0.46174000  -0.11924000
 0.47828000  -0.11494000
 0.49507000  -0.11023000
 0.51211000  -0.10514000
 0.52939000  -0.09967000
 0.54691000  -0.09385000
 0.56466000  -0.08769000
 0.58265000  -0.08126000
 0.60088000  -0.07458000
 0.61937000  -0.06771000
 0.63811000  -0.06072000
 0.65713000  -0.05367000
 0.67645000  -0.04666000
 0.69607000  -0.03975000
 0.71602000  -0.03305000
 0.73630000  -0.02666000
 0.75693000  -0.02068000
 0.77791000  -0.01524000
 0.79922000  -0.01041000
 0.82086000  -0.00633000
 0.84278000  -0.00319000
 0.86495000  -0.00080000
 0.88733000   0.00073000
 0.90985000   0.00151000
 0.93246000   0.00101000
 0.95507000  -0.00053000
 0.97760000  -0.00347000
 1.00000000  -0.00756000
