IEA-15-240-RWT_AF31_Coords
       202   NumCoords         ! Number of coordinates including the reference point.
! x-y coordinate of airfoil reference
0.25        0
! coordinates of airfoil shape
-15.00000000  -240.00000000
 1.00000000   0.00438000
 0.97617000   0.00915000
 0.95237000   0.01394000
 0.92862000   0.01875000
 0.90495000   0.02358000
 0.88139000   0.02850000
 0.85797000   0.03347000
 0.83470000   0.03846000
 0.81160000   0.04346000
 0.78869000   0.04846000
 0.76600000   0.05343000
 0.74353000   0.05837000
 0.72130000   0.06326000
 0.69933000   0.06806000
 0.67763000   0.07275000
 0.65622000   0.07734000
 0.63510000   0.08178000
 0.61429000   0.08607000
 0.59379000   0.09018000
 0.57362000   0.09411000
 0.55379000   0.09783000
 0.53430000   0.10135000
 0.51518000   0.10465000
 0.49641000   0.10773000
 0.47802000   0.11060000
 0.46000000   0.11321000
 0.44237000   0.11559000
 0.42512000   0.11772000
 0.40827000   0.11960000
 0.39181000   0.12123000
 0.37575000   0.12261000
 0.36009000   0.12374000
 0.34484000   0.12466000
 0.32999000   0.12535000
 0.31555000   0.12579000
 0.30152000   0.12593000
 0.28790000   0.12584000
 0.27468000   0.12553000
 0.26187000   0.12497000
 0.24947000   0.12419000
 0.23747000   0.12322000
 0.22587000   0.12207000
 0.21467000   0.12074000
 0.20386000   0.11925000
 0.19343000   0.11760000
 0.18339000   0.11582000
 0.17372000   0.11391000
 0.16442000   0.11188000
 0.15549000   0.10975000
 0.14690000   0.10753000
 0.13866000   0.10523000
 0.13077000   0.10285000
 0.12320000   0.10041000
 0.11595000   0.09792000
 0.10901000   0.09539000
 0.10238000   0.09282000
 0.09604000   0.09023000
 0.08999000   0.08762000
 0.08422000   0.08499000
 0.07871000   0.08235000
 0.07347000   0.07971000
 0.06848000   0.07707000
 0.06373000   0.07444000
 0.05922000   0.07182000
 0.05493000   0.06922000
 0.05087000   0.06663000
 0.04702000   0.06407000
 0.04337000   0.06152000
 0.03992000   0.05900000
 0.03667000   0.05651000
 0.03360000   0.05405000
 0.03070000   0.05162000
 0.02798000   0.04924000
 0.02542000   0.04688000
 0.02303000   0.04455000
 0.02079000   0.04226000
 0.01870000   0.04000000
 0.01676000   0.03779000
 0.01495000   0.03562000
 0.01327000   0.03350000
 0.01172000   0.03141000
 0.01029000   0.02937000
 0.00896000   0.02739000
 0.00775000   0.02546000
 0.00665000   0.02357000
 0.00567000   0.02171000
 0.00479000   0.01990000
 0.00398000   0.01815000
 0.00326000   0.01645000
 0.00266000   0.01479000
 0.00216000   0.01318000
 0.00172000   0.01162000
 0.00138000   0.01011000
 0.00114000   0.00865000
 0.00093000   0.00725000
 0.00076000   0.00591000
 0.00061000   0.00462000
 0.00045000   0.00339000
 0.00030000   0.00221000
 0.00015000   0.00108000
 0.00000000   0.00000000
 0.00016000  -0.00108000
 0.00034000  -0.00220000
 0.00053000  -0.00338000
 0.00072000  -0.00461000
 0.00093000  -0.00589000
 0.00117000  -0.00723000
 0.00144000  -0.00863000
 0.00182000  -0.01007000
 0.00230000  -0.01155000
 0.00291000  -0.01306000
 0.00364000  -0.01460000
 0.00452000  -0.01614000
 0.00555000  -0.01770000
 0.00668000  -0.01928000
 0.00784000  -0.02094000
 0.00910000  -0.02265000
 0.01047000  -0.02439000
 0.01197000  -0.02615000
 0.01359000  -0.02795000
 0.01532000  -0.02977000
 0.01718000  -0.03163000
 0.01918000  -0.03351000
 0.02130000  -0.03543000
 0.02355000  -0.03739000
 0.02594000  -0.03938000
 0.02848000  -0.04141000
 0.03116000  -0.04348000
 0.03400000  -0.04559000
 0.03700000  -0.04773000
 0.04016000  -0.04990000
 0.04350000  -0.05211000
 0.04701000  -0.05436000
 0.05071000  -0.05664000
 0.05460000  -0.05895000
 0.05869000  -0.06130000
 0.06299000  -0.06368000
 0.06750000  -0.06609000
 0.07223000  -0.06851000
 0.07720000  -0.07096000
 0.08241000  -0.07343000
 0.08787000  -0.07590000
 0.09359000  -0.07838000
 0.09957000  -0.08087000
 0.10583000  -0.08335000
 0.11238000  -0.08582000
 0.11923000  -0.08827000
 0.12638000  -0.09069000
 0.13385000  -0.09307000
 0.14164000  -0.09540000
 0.14977000  -0.09768000
 0.15824000  -0.09990000
 0.16706000  -0.10203000
 0.17625000  -0.10406000
 0.18580000  -0.10598000
 0.19573000  -0.10780000
 0.20604000  -0.10947000
 0.21675000  -0.11099000
 0.22785000  -0.11235000
 0.23935000  -0.11353000
 0.25126000  -0.11451000
 0.26357000  -0.11529000
 0.27630000  -0.11582000
 0.28944000  -0.11612000
 0.30300000  -0.11612000
 0.31697000  -0.11584000
 0.33135000  -0.11523000
 0.34613000  -0.11428000
 0.36132000  -0.11296000
 0.37690000  -0.11125000
 0.39287000  -0.10911000
 0.40922000  -0.10671000
 0.42592000  -0.10387000
 0.44299000  -0.10059000
 0.46039000  -0.09685000
 0.47812000  -0.09264000
 0.49616000  -0.08796000
 0.51452000  -0.08286000
 0.53318000  -0.07736000
 0.55215000  -0.07149000
 0.57142000  -0.06531000
 0.59101000  -0.05887000
 0.61093000  -0.05223000
 0.63118000  -0.04550000
 0.65178000  -0.03874000
 0.67276000  -0.03208000
 0.69413000  -0.02563000
 0.71591000  -0.01951000
 0.73808000  -0.01382000
 0.76065000  -0.00867000
 0.78360000  -0.00421000
 0.80692000  -0.00058000
 0.83055000   0.00220000
 0.85443000   0.00420000
 0.87852000   0.00536000
 0.90276000   0.00551000
 0.92708000   0.00460000
 0.95142000   0.00286000
 0.97574000   0.00017000
 1.00000000  -0.00340000
