IEA-15-240-RWT_AF03_Coords
       202   NumCoords         ! Number of coordinates including the reference point.
! x-y coordinate of airfoil reference
0.25        0
! coordinates of airfoil shape
-15.00000000  -240.00000000
 1.00000000   0.00009000
 0.99869000   0.02125000
 0.99145000   0.04341000
 0.98257000   0.06480000
 0.97278000   0.08600000
 0.96228000   0.10699000
 0.95105000   0.12773000
 0.93915000   0.14820000
 0.92653000   0.16831000
 0.91327000   0.18803000
 0.89941000   0.20735000
 0.88493000   0.22568000
 0.86989000   0.24329000
 0.85431000   0.26030000
 0.83826000   0.27673000
 0.82170000   0.29236000
 0.80474000   0.30737000
 0.78733000   0.32158000
 0.76958000   0.33509000
 0.75151000   0.34786000
 0.73314000   0.35987000
 0.71453000   0.37114000
 0.69568000   0.38154000
 0.67664000   0.39115000
 0.65759000   0.39989000
 0.63858000   0.40787000
 0.61951000   0.41501000
 0.60042000   0.42131000
 0.58133000   0.42680000
 0.56230000   0.43164000
 0.54334000   0.43547000
 0.52450000   0.43869000
 0.50580000   0.44112000
 0.48729000   0.44272000
 0.46897000   0.44366000
 0.45090000   0.44382000
 0.43309000   0.44337000
 0.41557000   0.44211000
 0.39836000   0.44036000
 0.38148000   0.43790000
 0.36497000   0.43497000
 0.34884000   0.43132000
 0.33310000   0.42720000
 0.31776000   0.42255000
 0.30283000   0.41753000
 0.28832000   0.41203000
 0.27423000   0.40618000
 0.26058000   0.39993000
 0.24734000   0.39339000
 0.23459000   0.38648000
 0.22224000   0.37933000
 0.21035000   0.37191000
 0.19890000   0.36425000
 0.18789000   0.35639000
 0.17731000   0.34834000
 0.16714000   0.34015000
 0.15736000   0.33186000
 0.14797000   0.32349000
 0.13899000   0.31500000
 0.13040000   0.30643000
 0.12217000   0.29783000
 0.11429000   0.28919000
 0.10677000   0.28052000
 0.09962000   0.27182000
 0.09283000   0.26312000
 0.08633000   0.25443000
 0.08012000   0.24579000
 0.07423000   0.23716000
 0.06864000   0.22857000
 0.06334000   0.22003000
 0.05828000   0.21155000
 0.05353000   0.20312000
 0.04906000   0.19474000
 0.04485000   0.18642000
 0.04092000   0.17818000
 0.03725000   0.17000000
 0.03379000   0.16192000
 0.03056000   0.15394000
 0.02755000   0.14604000
 0.02473000   0.13824000
 0.02207000   0.13056000
 0.01956000   0.12298000
 0.01727000   0.11550000
 0.01518000   0.10813000
 0.01323000   0.10086000
 0.01143000   0.09370000
 0.00978000   0.08666000
 0.00827000   0.07973000
 0.00693000   0.07290000
 0.00576000   0.06620000
 0.00468000   0.05960000
 0.00370000   0.05312000
 0.00287000   0.04676000
 0.00219000   0.04051000
 0.00158000   0.03438000
 0.00108000   0.02836000
 0.00072000   0.02246000
 0.00043000   0.01667000
 0.00019000   0.01099000
 0.00005000   0.00543000
 0.00000000   0.00000000
 0.00004000  -0.00547000
 0.00015000  -0.01104000
 0.00034000  -0.01673000
 0.00057000  -0.02253000
 0.00090000  -0.02844000
 0.00145000  -0.03447000
 0.00210000  -0.04061000
 0.00279000  -0.04688000
 0.00358000  -0.05327000
 0.00452000  -0.05977000
 0.00560000  -0.06639000
 0.00678000  -0.07313000
 0.00812000  -0.07999000
 0.00961000  -0.08696000
 0.01123000  -0.09405000
 0.01304000  -0.10125000
 0.01501000  -0.10856000
 0.01712000  -0.11599000
 0.01938000  -0.12353000
 0.02185000  -0.13118000
 0.02451000  -0.13893000
 0.02737000  -0.14679000
 0.03040000  -0.15476000
 0.03364000  -0.16283000
 0.03712000  -0.17100000
 0.04083000  -0.17926000
 0.04479000  -0.18759000
 0.04903000  -0.19601000
 0.05353000  -0.20449000
 0.05831000  -0.21304000
 0.06340000  -0.22164000
 0.06876000  -0.23030000
 0.07440000  -0.23902000
 0.08033000  -0.24780000
 0.08660000  -0.25659000
 0.09317000  -0.26543000
 0.10006000  -0.27429000
 0.10729000  -0.28316000
 0.11489000  -0.29200000
 0.12295000  -0.30077000
 0.13133000  -0.30952000
 0.14010000  -0.31823000
 0.14933000  -0.32679000
 0.15895000  -0.33528000
 0.16899000  -0.34364000
 0.17944000  -0.35188000
 0.19030000  -0.35998000
 0.20164000  -0.36783000
 0.21341000  -0.37548000
 0.22564000  -0.38286000
 0.23834000  -0.38992000
 0.25148000  -0.39670000
 0.26510000  -0.40306000
 0.27913000  -0.40914000
 0.29361000  -0.41475000
 0.30853000  -0.41997000
 0.32384000  -0.42475000
 0.33959000  -0.42899000
 0.35570000  -0.43283000
 0.37221000  -0.43599000
 0.38908000  -0.43869000
 0.40629000  -0.44080000
 0.42384000  -0.44226000
 0.44168000  -0.44322000
 0.45980000  -0.44350000
 0.47819000  -0.44295000
 0.49681000  -0.44178000
 0.51563000  -0.43987000
 0.53463000  -0.43728000
 0.55376000  -0.43377000
 0.57301000  -0.42958000
 0.59231000  -0.42451000
 0.61165000  -0.41860000
 0.63100000  -0.41190000
 0.65029000  -0.40437000
 0.66946000  -0.39582000
 0.68853000  -0.38652000
 0.70737000  -0.37621000
 0.72619000  -0.36510000
 0.74481000  -0.35305000
 0.76306000  -0.34013000
 0.78095000  -0.32640000
 0.79843000  -0.31184000
 0.81541000  -0.29647000
 0.83185000  -0.28026000
 0.84774000  -0.26326000
 0.86306000  -0.24554000
 0.87772000  -0.22704000
 0.89180000  -0.20789000
 0.90529000  -0.18813000
 0.91815000  -0.16777000
 0.93058000  -0.14709000
 0.94248000  -0.12594000
 0.95394000  -0.10451000
 0.96505000  -0.08292000
 0.97599000  -0.06151000
 0.98675000  -0.04146000
 0.99692000  -0.02164000
 1.00000000   0.00009000
