IEA-15-240-RWT_AF32_Coords
       202   NumCoords         ! Number of coordinates including the reference point.
! x-y coordinate of airfoil reference
0.25        0
! coordinates of airfoil shape
-15.00000000  -240.00000000
 1.00000000   0.00387000
 0.97614000   0.00867000
 0.95231000   0.01353000
 0.92853000   0.01845000
 0.90483000   0.02343000
 0.88124000   0.02835000
 0.85779000   0.03332000
 0.83449000   0.03831000
 0.81137000   0.04331000
 0.78843000   0.04831000
 0.76571000   0.05329000
 0.74321000   0.05823000
 0.72096000   0.06313000
 0.69897000   0.06793000
 0.67725000   0.07264000
 0.65581000   0.07723000
 0.63467000   0.08168000
 0.61383000   0.08598000
 0.59332000   0.09009000
 0.57313000   0.09402000
 0.55328000   0.09774000
 0.53378000   0.10126000
 0.51464000   0.10456000
 0.49586000   0.10764000
 0.47746000   0.11050000
 0.45943000   0.11311000
 0.44179000   0.11548000
 0.42453000   0.11760000
 0.40767000   0.11947000
 0.39120000   0.12109000
 0.37514000   0.12246000
 0.35948000   0.12357000
 0.34422000   0.12431000
 0.32937000   0.12472000
 0.31493000   0.12494000
 0.30090000   0.12489000
 0.28727000   0.12463000
 0.27406000   0.12416000
 0.26125000   0.12346000
 0.24886000   0.12256000
 0.23686000   0.12147000
 0.22527000   0.12020000
 0.21407000   0.11875000
 0.20327000   0.11716000
 0.19285000   0.11542000
 0.18282000   0.11356000
 0.17316000   0.11157000
 0.16388000   0.10947000
 0.15495000   0.10729000
 0.14638000   0.10503000
 0.13816000   0.10269000
 0.13027000   0.10030000
 0.12272000   0.09786000
 0.11548000   0.09538000
 0.10856000   0.09286000
 0.10194000   0.09031000
 0.09562000   0.08774000
 0.08958000   0.08516000
 0.08382000   0.08257000
 0.07833000   0.07998000
 0.07310000   0.07739000
 0.06813000   0.07480000
 0.06340000   0.07223000
 0.05890000   0.06967000
 0.05463000   0.06713000
 0.05058000   0.06461000
 0.04674000   0.06212000
 0.04311000   0.05965000
 0.03968000   0.05720000
 0.03643000   0.05479000
 0.03338000   0.05241000
 0.03050000   0.05006000
 0.02778000   0.04775000
 0.02524000   0.04547000
 0.02286000   0.04323000
 0.02063000   0.04102000
 0.01856000   0.03885000
 0.01663000   0.03672000
 0.01483000   0.03463000
 0.01316000   0.03258000
 0.01161000   0.03058000
 0.01020000   0.02861000
 0.00888000   0.02670000
 0.00767000   0.02483000
 0.00658000   0.02301000
 0.00562000   0.02121000
 0.00474000   0.01946000
 0.00394000   0.01778000
 0.00323000   0.01614000
 0.00263000   0.01453000
 0.00213000   0.01296000
 0.00170000   0.01144000
 0.00137000   0.00996000
 0.00113000   0.00852000
 0.00093000   0.00714000
 0.00076000   0.00582000
 0.00061000   0.00455000
 0.00046000   0.00333000
 0.00032000   0.00217000
 0.00017000   0.00106000
 0.00000000   0.00000000
 0.00018000  -0.00106000
 0.00035000  -0.00217000
 0.00053000  -0.00332000
 0.00072000  -0.00453000
 0.00093000  -0.00580000
 0.00116000  -0.00712000
 0.00143000  -0.00849000
 0.00180000  -0.00990000
 0.00227000  -0.01133000
 0.00288000  -0.01279000
 0.00361000  -0.01427000
 0.00448000  -0.01574000
 0.00550000  -0.01721000
 0.00663000  -0.01870000
 0.00778000  -0.02028000
 0.00903000  -0.02189000
 0.01039000  -0.02352000
 0.01188000  -0.02517000
 0.01349000  -0.02686000
 0.01521000  -0.02857000
 0.01706000  -0.03032000
 0.01905000  -0.03208000
 0.02117000  -0.03388000
 0.02341000  -0.03572000
 0.02579000  -0.03759000
 0.02831000  -0.03950000
 0.03098000  -0.04144000
 0.03381000  -0.04341000
 0.03680000  -0.04542000
 0.03995000  -0.04746000
 0.04327000  -0.04953000
 0.04677000  -0.05164000
 0.05046000  -0.05378000
 0.05434000  -0.05596000
 0.05841000  -0.05817000
 0.06270000  -0.06041000
 0.06719000  -0.06267000
 0.07192000  -0.06496000
 0.07687000  -0.06728000
 0.08206000  -0.06963000
 0.08751000  -0.07199000
 0.09321000  -0.07436000
 0.09918000  -0.07675000
 0.10543000  -0.07914000
 0.11196000  -0.08152000
 0.11880000  -0.08389000
 0.12593000  -0.08624000
 0.13339000  -0.08856000
 0.14117000  -0.09085000
 0.14929000  -0.09310000
 0.15774000  -0.09530000
 0.16655000  -0.09743000
 0.17573000  -0.09948000
 0.18527000  -0.10144000
 0.19519000  -0.10331000
 0.20549000  -0.10505000
 0.21619000  -0.10667000
 0.22728000  -0.10814000
 0.23878000  -0.10945000
 0.25068000  -0.11059000
 0.26299000  -0.11154000
 0.27571000  -0.11229000
 0.28885000  -0.11282000
 0.30240000  -0.11308000
 0.31637000  -0.11310000
 0.33075000  -0.11284000
 0.34554000  -0.11226000
 0.36073000  -0.11137000
 0.37632000  -0.11014000
 0.39229000  -0.10854000
 0.40864000  -0.10619000
 0.42536000  -0.10339000
 0.44243000  -0.10014000
 0.45985000  -0.09644000
 0.47759000  -0.09226000
 0.49565000  -0.08761000
 0.51401000  -0.08253000
 0.53269000  -0.07706000
 0.55168000  -0.07122000
 0.57097000  -0.06507000
 0.59057000  -0.05865000
 0.61051000  -0.05204000
 0.63078000  -0.04533000
 0.65140000  -0.03859000
 0.67240000  -0.03196000
 0.69379000  -0.02553000
 0.71559000  -0.01943000
 0.73778000  -0.01375000
 0.76037000  -0.00861000
 0.78335000  -0.00416000
 0.80670000  -0.00050000
 0.83035000   0.00240000
 0.85426000   0.00440000
 0.87838000   0.00552000
 0.90264000   0.00566000
 0.92699000   0.00480000
 0.95136000   0.00313000
 0.97571000   0.00055000
 1.00000000  -0.00287000
