IEA-15-240-RWT_AF15_Coords
       202   NumCoords         ! Number of coordinates including the reference point.
! x-y coordinate of airfoil reference
0.25        0
! coordinates of airfoil shape
-15.00000000  -240.00000000
 1.00000000   0.01193000
 0.98190000   0.01657000
 0.96379000   0.02120000
 0.94569000   0.02581000
 0.92761000   0.03040000
 0.90959000   0.03504000
 0.89162000   0.03972000
 0.87373000   0.04443000
 0.85589000   0.04913000
 0.83814000   0.05384000
 0.82048000   0.05855000
 0.80290000   0.06323000
 0.78542000   0.06788000
 0.76804000   0.07249000
 0.75077000   0.07706000
 0.73362000   0.08158000
 0.71659000   0.08604000
 0.69969000   0.09043000
 0.68292000   0.09475000
 0.66629000   0.09899000
 0.64980000   0.10314000
 0.63345000   0.10720000
 0.61726000   0.11116000
 0.60123000   0.11503000
 0.58537000   0.11877000
 0.56969000   0.12242000
 0.55418000   0.12594000
 0.53885000   0.12934000
 0.52369000   0.13261000
 0.50870000   0.13575000
 0.49390000   0.13875000
 0.47929000   0.14160000
 0.46486000   0.14432000
 0.45062000   0.14688000
 0.43658000   0.14929000
 0.42272000   0.15156000
 0.40906000   0.15421000
 0.39560000   0.15663000
 0.38234000   0.15879000
 0.36928000   0.16067000
 0.35643000   0.16225000
 0.34378000   0.16351000
 0.33134000   0.16442000
 0.31912000   0.16498000
 0.30710000   0.16516000
 0.29531000   0.16497000
 0.28373000   0.16467000
 0.27237000   0.16468000
 0.26124000   0.16450000
 0.25032000   0.16412000
 0.23963000   0.16358000
 0.22917000   0.16283000
 0.21894000   0.16190000
 0.20894000   0.16079000
 0.19917000   0.15950000
 0.18963000   0.15802000
 0.18033000   0.15637000
 0.17128000   0.15453000
 0.16246000   0.15251000
 0.15388000   0.15033000
 0.14555000   0.14798000
 0.13747000   0.14546000
 0.12963000   0.14279000
 0.12203000   0.13998000
 0.11468000   0.13703000
 0.10758000   0.13396000
 0.10072000   0.13077000
 0.09412000   0.12744000
 0.08776000   0.12401000
 0.08165000   0.12047000
 0.07578000   0.11684000
 0.07016000   0.11312000
 0.06478000   0.10932000
 0.05964000   0.10545000
 0.05474000   0.10152000
 0.05007000   0.09752000
 0.04565000   0.09349000
 0.04146000   0.08941000
 0.03750000   0.08530000
 0.03377000   0.08117000
 0.03027000   0.07702000
 0.02699000   0.07286000
 0.02393000   0.06869000
 0.02108000   0.06453000
 0.01842000   0.06039000
 0.01597000   0.05626000
 0.01370000   0.05217000
 0.01161000   0.04810000
 0.00971000   0.04407000
 0.00799000   0.04008000
 0.00651000   0.03611000
 0.00523000   0.03218000
 0.00416000   0.02830000
 0.00325000   0.02449000
 0.00248000   0.02075000
 0.00181000   0.01709000
 0.00122000   0.01351000
 0.00069000   0.01001000
 0.00036000   0.00660000
 0.00011000   0.00326000
 0.00000000   0.00000000
 0.00011000  -0.00326000
 0.00035000  -0.00661000
 0.00069000  -0.01003000
 0.00123000  -0.01353000
 0.00184000  -0.01711000
 0.00255000  -0.02078000
 0.00340000  -0.02451000
 0.00445000  -0.02830000
 0.00567000  -0.03215000
 0.00711000  -0.03605000
 0.00873000  -0.03998000
 0.01059000  -0.04394000
 0.01262000  -0.04793000
 0.01486000  -0.05195000
 0.01729000  -0.05600000
 0.01990000  -0.06007000
 0.02272000  -0.06415000
 0.02575000  -0.06824000
 0.02901000  -0.07232000
 0.03250000  -0.07638000
 0.03621000  -0.08042000
 0.04015000  -0.08445000
 0.04432000  -0.08844000
 0.04872000  -0.09239000
 0.05336000  -0.09631000
 0.05822000  -0.10019000
 0.06331000  -0.10402000
 0.06865000  -0.10778000
 0.07422000  -0.11148000
 0.08003000  -0.11510000
 0.08608000  -0.11865000
 0.09238000  -0.12210000
 0.09892000  -0.12547000
 0.10571000  -0.12874000
 0.11274000  -0.13191000
 0.12002000  -0.13498000
 0.12755000  -0.13794000
 0.13533000  -0.14077000
 0.14335000  -0.14348000
 0.15162000  -0.14606000
 0.16014000  -0.14848000
 0.16891000  -0.15077000
 0.17792000  -0.15291000
 0.18719000  -0.15488000
 0.19669000  -0.15669000
 0.20645000  -0.15831000
 0.21645000  -0.15976000
 0.22669000  -0.16100000
 0.23718000  -0.16205000
 0.24790000  -0.16289000
 0.25885000  -0.16351000
 0.27004000  -0.16391000
 0.28145000  -0.16407000
 0.29309000  -0.16399000
 0.30495000  -0.16367000
 0.31703000  -0.16377000
 0.32932000  -0.16335000
 0.34181000  -0.16239000
 0.35451000  -0.16086000
 0.36741000  -0.15876000
 0.38050000  -0.15608000
 0.39377000  -0.15323000
 0.40722000  -0.15064000
 0.42085000  -0.14774000
 0.43463000  -0.14452000
 0.44858000  -0.14102000
 0.46269000  -0.13722000
 0.47694000  -0.13313000
 0.49135000  -0.12876000
 0.50590000  -0.12412000
 0.52059000  -0.11920000
 0.53542000  -0.11403000
 0.55038000  -0.10860000
 0.56548000  -0.10295000
 0.58071000  -0.09708000
 0.59609000  -0.09104000
 0.61162000  -0.08486000
 0.62731000  -0.07856000
 0.64317000  -0.07217000
 0.65922000  -0.06574000
 0.67544000  -0.05931000
 0.69185000  -0.05292000
 0.70846000  -0.04664000
 0.72529000  -0.04052000
 0.74233000  -0.03461000
 0.75960000  -0.02898000
 0.77711000  -0.02371000
 0.79485000  -0.01887000
 0.81282000  -0.01448000
 0.83102000  -0.01064000
 0.84942000  -0.00738000
 0.86801000  -0.00483000
 0.88677000  -0.00304000
 0.90565000  -0.00209000
 0.92463000  -0.00230000
 0.94363000  -0.00320000
 0.96259000  -0.00493000
 0.98141000  -0.00758000
 1.00000000  -0.01105000
