DU30_A17_coords
       400   NumCoords         ! Number of coordinates including the reference point.
! x-y coordinate of airfoil reference
0.25        0
! coordinates of airfoil shape
 1.00000000   0.00246000
 0.99660000   0.00340000
 0.99314000   0.00437000
 0.98961000   0.00536000
 0.98601000   0.00638000
 0.98235000   0.00740000
 0.97863000   0.00843000
 0.97484000   0.00947000
 0.97098000   0.01051000
 0.96706000   0.01157000
 0.96307000   0.01264000
 0.95902000   0.01371000
 0.95490000   0.01479000
 0.95072000   0.01588000
 0.94647000   0.01698000
 0.94216000   0.01810000
 0.93778000   0.01922000
 0.93333000   0.02036000
 0.92882000   0.02151000
 0.92425000   0.02268000
 0.91961000   0.02386000
 0.91490000   0.02505000
 0.91013000   0.02626000
 0.90529000   0.02749000
 0.90039000   0.02873000
 0.89542000   0.02999000
 0.89039000   0.03126000
 0.88529000   0.03255000
 0.88013000   0.03385000
 0.87490000   0.03516000
 0.86961000   0.03649000
 0.86425000   0.03784000
 0.85882000   0.03921000
 0.85333000   0.04058000
 0.84778000   0.04197000
 0.84216000   0.04337000
 0.83647000   0.04479000
 0.83072000   0.04622000
 0.82490000   0.04767000
 0.81902000   0.04913000
 0.81307000   0.05060000
 0.80706000   0.05208000
 0.80098000   0.05357000
 0.79484000   0.05508000
 0.78863000   0.05659000
 0.78235000   0.05812000
 0.77601000   0.05965000
 0.76961000   0.06120000
 0.76314000   0.06275000
 0.75660000   0.06432000
 0.75000000   0.06589000
 0.74333000   0.06747000
 0.73667000   0.06904000
 0.73000000   0.07061000
 0.72333000   0.07217000
 0.71667000   0.07371000
 0.71000000   0.07525000
 0.70333000   0.07678000
 0.69667000   0.07830000
 0.69000000   0.07981000
 0.68333000   0.08131000
 0.67667000   0.08280000
 0.67000000   0.08428000
 0.66333000   0.08575000
 0.65667000   0.08720000
 0.65000000   0.08864000
 0.64333000   0.09008000
 0.63667000   0.09149000
 0.63000000   0.09290000
 0.62333000   0.09429000
 0.61667000   0.09566000
 0.61000000   0.09703000
 0.60333000   0.09837000
 0.59667000   0.09970000
 0.59000000   0.10102000
 0.58333000   0.10232000
 0.57667000   0.10360000
 0.57000000   0.10486000
 0.56333000   0.10611000
 0.55667000   0.10734000
 0.55000000   0.10855000
 0.54333000   0.10975000
 0.53667000   0.11092000
 0.53000000   0.11207000
 0.52333000   0.11321000
 0.51667000   0.11432000
 0.51000000   0.11541000
 0.50333000   0.11648000
 0.49667000   0.11752000
 0.49000000   0.11854000
 0.48333000   0.11954000
 0.47667000   0.12051000
 0.47000000   0.12146000
 0.46333000   0.12239000
 0.45667000   0.12328000
 0.45000000   0.12415000
 0.44333000   0.12500000
 0.43667000   0.12581000
 0.43000000   0.12659000
 0.42333000   0.12734000
 0.41667000   0.12806000
 0.41000000   0.12875000
 0.40333000   0.12940000
 0.39667000   0.13001000
 0.39000000   0.13059000
 0.38333000   0.13113000
 0.37667000   0.13164000
 0.37000000   0.13210000
 0.36333000   0.13252000
 0.35667000   0.13290000
 0.35000000   0.13323000
 0.34333000   0.13352000
 0.33667000   0.13377000
 0.33000000   0.13396000
 0.32333000   0.13411000
 0.31667000   0.13420000
 0.31000000   0.13424000
 0.30333000   0.13422000
 0.29667000   0.13415000
 0.29000000   0.13401000
 0.28333000   0.13381000
 0.27667000   0.13355000
 0.27000000   0.13321000
 0.26333000   0.13280000
 0.25667000   0.13231000
 0.25000000   0.13174000
 0.24342000   0.13109000
 0.23693000   0.13036000
 0.23053000   0.12955000
 0.22421000   0.12866000
 0.21798000   0.12771000
 0.21184000   0.12668000
 0.20579000   0.12559000
 0.19982000   0.12444000
 0.19395000   0.12324000
 0.18816000   0.12197000
 0.18245000   0.12066000
 0.17684000   0.11930000
 0.17131000   0.11789000
 0.16587000   0.11644000
 0.16052000   0.11495000
 0.15526000   0.11342000
 0.15008000   0.11185000
 0.14499000   0.11024000
 0.13999000   0.10860000
 0.13508000   0.10693000
 0.13026000   0.10522000
 0.12552000   0.10348000
 0.12087000   0.10172000
 0.11631000   0.09993000
 0.11183000   0.09811000
 0.10745000   0.09627000
 0.10315000   0.09441000
 0.09893000   0.09252000
 0.09481000   0.09061000
 0.09077000   0.08869000
 0.08683000   0.08675000
 0.08297000   0.08478000
 0.07919000   0.08280000
 0.07551000   0.08082000
 0.07191000   0.07881000
 0.06840000   0.07680000
 0.06498000   0.07477000
 0.06164000   0.07274000
 0.05840000   0.07070000
 0.05524000   0.06865000
 0.05217000   0.06660000
 0.04918000   0.06454000
 0.04629000   0.06248000
 0.04348000   0.06042000
 0.04076000   0.05835000
 0.03812000   0.05629000
 0.03558000   0.05423000
 0.03312000   0.05217000
 0.03075000   0.05012000
 0.02847000   0.04808000
 0.02627000   0.04604000
 0.02417000   0.04402000
 0.02215000   0.04200000
 0.02022000   0.03999000
 0.01837000   0.03799000
 0.01662000   0.03602000
 0.01495000   0.03405000
 0.01337000   0.03211000
 0.01187000   0.03017000
 0.01047000   0.02827000
 0.00915000   0.02637000
 0.00792000   0.02450000
 0.00678000   0.02266000
 0.00572000   0.02083000
 0.00476000   0.01904000
 0.00388000   0.01725000
 0.00309000   0.01548000
 0.00238000   0.01370000
 0.00177000   0.01194000
 0.00124000   0.01010000
 0.00080000   0.00820000
 0.00044000   0.00612000
 0.00018000   0.00390000
 0.00000000   0.00000000
 0.00018000  -0.00382000
 0.00044000  -0.00601000
 0.00080000  -0.00815000
 0.00124000  -0.01017000
 0.00177000  -0.01216000
 0.00238000  -0.01412000
 0.00309000  -0.01611000
 0.00388000  -0.01811000
 0.00476000  -0.02014000
 0.00572000  -0.02217000
 0.00678000  -0.02423000
 0.00792000  -0.02630000
 0.00915000  -0.02840000
 0.01047000  -0.03053000
 0.01187000  -0.03267000
 0.01337000  -0.03485000
 0.01495000  -0.03705000
 0.01662000  -0.03929000
 0.01837000  -0.04154000
 0.02022000  -0.04385000
 0.02215000  -0.04617000
 0.02417000  -0.04852000
 0.02627000  -0.05088000
 0.02847000  -0.05328000
 0.03075000  -0.05569000
 0.03312000  -0.05813000
 0.03558000  -0.06060000
 0.03812000  -0.06308000
 0.04076000  -0.06559000
 0.04348000  -0.06811000
 0.04629000  -0.07064000
 0.04918000  -0.07318000
 0.05217000  -0.07574000
 0.05524000  -0.07831000
 0.05840000  -0.08088000
 0.06164000  -0.08345000
 0.06498000  -0.08604000
 0.06840000  -0.08862000
 0.07191000  -0.09121000
 0.07551000  -0.09379000
 0.07919000  -0.09637000
 0.08297000  -0.09895000
 0.08683000  -0.10152000
 0.09077000  -0.10408000
 0.09481000  -0.10665000
 0.09893000  -0.10919000
 0.10315000  -0.11173000
 0.10745000  -0.11425000
 0.11183000  -0.11675000
 0.11631000  -0.11923000
 0.12087000  -0.12169000
 0.12552000  -0.12412000
 0.13026000  -0.12652000
 0.13508000  -0.12888000
 0.13999000  -0.13121000
 0.14499000  -0.13350000
 0.15008000  -0.13576000
 0.15526000  -0.13797000
 0.16052000  -0.14014000
 0.16587000  -0.14225000
 0.17131000  -0.14432000
 0.17684000  -0.14633000
 0.18245000  -0.14828000
 0.18816000  -0.15017000
 0.19395000  -0.15198000
 0.19982000  -0.15371000
 0.20579000  -0.15537000
 0.21184000  -0.15693000
 0.21798000  -0.15840000
 0.22421000  -0.15976000
 0.23053000  -0.16101000
 0.23693000  -0.16214000
 0.24342000  -0.16314000
 0.25000000  -0.16399000
 0.25667000  -0.16470000
 0.26333000  -0.16526000
 0.27000000  -0.16567000
 0.27667000  -0.16592000
 0.28333000  -0.16602000
 0.29000000  -0.16598000
 0.29667000  -0.16580000
 0.30333000  -0.16548000
 0.31000000  -0.16503000
 0.31667000  -0.16445000
 0.32333000  -0.16374000
 0.33000000  -0.16291000
 0.33667000  -0.16198000
 0.34333000  -0.16094000
 0.35000000  -0.15980000
 0.35667000  -0.15855000
 0.36333000  -0.15722000
 0.37000000  -0.15580000
 0.37667000  -0.15429000
 0.38333000  -0.15270000
 0.39000000  -0.15104000
 0.39667000  -0.14931000
 0.40333000  -0.14752000
 0.41000000  -0.14566000
 0.41667000  -0.14374000
 0.42333000  -0.14178000
 0.43000000  -0.13977000
 0.43667000  -0.13772000
 0.44333000  -0.13562000
 0.45000000  -0.13348000
 0.45667000  -0.13130000
 0.46333000  -0.12908000
 0.47000000  -0.12683000
 0.47667000  -0.12456000
 0.48333000  -0.12225000
 0.49000000  -0.11992000
 0.49667000  -0.11757000
 0.50333000  -0.11520000
 0.51000000  -0.11281000
 0.51667000  -0.11040000
 0.52333000  -0.10799000
 0.53000000  -0.10555000
 0.53667000  -0.10310000
 0.54333000  -0.10065000
 0.55000000  -0.09818000
 0.55667000  -0.09570000
 0.56333000  -0.09321000
 0.57000000  -0.09071000
 0.57667000  -0.08821000
 0.58333000  -0.08571000
 0.59000000  -0.08320000
 0.59667000  -0.08070000
 0.60333000  -0.07819000
 0.61000000  -0.07569000
 0.61667000  -0.07319000
 0.62333000  -0.07070000
 0.63000000  -0.06820000
 0.63667000  -0.06572000
 0.64333000  -0.06325000
 0.65000000  -0.06079000
 0.65667000  -0.05834000
 0.66333000  -0.05590000
 0.67000000  -0.05347000
 0.67667000  -0.05106000
 0.68333000  -0.04867000
 0.69000000  -0.04629000
 0.69667000  -0.04394000
 0.70333000  -0.04161000
 0.71000000  -0.03931000
 0.71667000  -0.03703000
 0.72333000  -0.03478000
 0.73000000  -0.03256000
 0.73667000  -0.03037000
 0.74333000  -0.02822000
 0.75000000  -0.02610000
 0.75660000  -0.02405000
 0.76314000  -0.02205000
 0.76961000  -0.02013000
 0.77601000  -0.01827000
 0.78235000  -0.01647000
 0.78863000  -0.01474000
 0.79484000  -0.01309000
 0.80098000  -0.01150000
 0.80706000  -0.00998000
 0.81307000  -0.00854000
 0.81902000  -0.00717000
 0.82490000  -0.00586000
 0.83072000  -0.00462000
 0.83647000  -0.00346000
 0.84216000  -0.00236000
 0.84778000  -0.00133000
 0.85333000  -0.00037000
 0.85882000   0.00052000
 0.86425000   0.00134000
 0.86961000   0.00210000
 0.87490000   0.00278000
 0.88013000   0.00340000
 0.88529000   0.00395000
 0.89039000   0.00444000
 0.89542000   0.00487000
 0.90039000   0.00524000
 0.90529000   0.00555000
 0.91013000   0.00580000
 0.91490000   0.00600000
 0.91961000   0.00614000
 0.92425000   0.00622000
 0.92882000   0.00625000
 0.93333000   0.00623000
 0.93778000   0.00615000
 0.94216000   0.00602000
 0.94647000   0.00583000
 0.95072000   0.00558000
 0.95490000   0.00528000
 0.95902000   0.00493000
 0.96307000   0.00452000
 0.96706000   0.00405000
 0.97098000   0.00352000
 0.97484000   0.00294000
 0.97863000   0.00231000
 0.98235000   0.00163000
 0.98601000   0.00090000
 0.98961000   0.00012000
 0.99314000  -0.00071000
 0.99660000  -0.00158000
 1.00000000  -0.00246000
