DU35_A17_coords
       400   NumCoords         ! Number of coordinates including the reference point.
! x-y coordinate of airfoil reference
0.25        0
! coordinates of airfoil shape
 1.00000000   0.00283000
 0.99660000   0.00378000
 0.99314000   0.00477000
 0.98961000   0.00578000
 0.98601000   0.00683000
 0.98235000   0.00789000
 0.97863000   0.00897000
 0.97484000   0.01006000
 0.97098000   0.01116000
 0.96706000   0.01228000
 0.96307000   0.01342000
 0.95902000   0.01456000
 0.95490000   0.01571000
 0.95072000   0.01688000
 0.94647000   0.01806000
 0.94216000   0.01926000
 0.93778000   0.02046000
 0.93333000   0.02169000
 0.92882000   0.02292000
 0.92425000   0.02419000
 0.91961000   0.02547000
 0.91490000   0.02675000
 0.91013000   0.02807000
 0.90529000   0.02941000
 0.90039000   0.03077000
 0.89542000   0.03214000
 0.89039000   0.03353000
 0.88529000   0.03495000
 0.88013000   0.03638000
 0.87490000   0.03782000
 0.86961000   0.03929000
 0.86425000   0.04079000
 0.85882000   0.04230000
 0.85333000   0.04383000
 0.84778000   0.04538000
 0.84216000   0.04694000
 0.83647000   0.04853000
 0.83072000   0.05013000
 0.82490000   0.05176000
 0.81902000   0.05340000
 0.81307000   0.05506000
 0.80706000   0.05673000
 0.80098000   0.05842000
 0.79484000   0.06013000
 0.78863000   0.06184000
 0.78235000   0.06358000
 0.77601000   0.06531000
 0.76961000   0.06708000
 0.76314000   0.06885000
 0.75660000   0.07064000
 0.75000000   0.07244000
 0.74333000   0.07426000
 0.73667000   0.07606000
 0.73000000   0.07786000
 0.72333000   0.07966000
 0.71667000   0.08144000
 0.71000000   0.08322000
 0.70333000   0.08498000
 0.69667000   0.08674000
 0.69000000   0.08849000
 0.68333000   0.09022000
 0.67667000   0.09196000
 0.67000000   0.09368000
 0.66333000   0.09539000
 0.65667000   0.09708000
 0.65000000   0.09876000
 0.64333000   0.10044000
 0.63667000   0.10210000
 0.63000000   0.10375000
 0.62333000   0.10538000
 0.61667000   0.10699000
 0.61000000   0.10859000
 0.60333000   0.11017000
 0.59667000   0.11174000
 0.59000000   0.11330000
 0.58333000   0.11483000
 0.57667000   0.11634000
 0.57000000   0.11784000
 0.56333000   0.11931000
 0.55667000   0.12077000
 0.55000000   0.12220000
 0.54333000   0.12363000
 0.53667000   0.12502000
 0.53000000   0.12639000
 0.52333000   0.12775000
 0.51667000   0.12907000
 0.51000000   0.13037000
 0.50333000   0.13165000
 0.49667000   0.13289000
 0.49000000   0.13411000
 0.48333000   0.13531000
 0.47667000   0.13648000
 0.47000000   0.13761000
 0.46333000   0.13873000
 0.45667000   0.13980000
 0.45000000   0.14086000
 0.44333000   0.14189000
 0.43667000   0.14288000
 0.43000000   0.14384000
 0.42333000   0.14477000
 0.41667000   0.14566000
 0.41000000   0.14653000
 0.40333000   0.14736000
 0.39667000   0.14814000
 0.39000000   0.14889000
 0.38333000   0.14960000
 0.37667000   0.15028000
 0.37000000   0.15091000
 0.36333000   0.15151000
 0.35667000   0.15207000
 0.35000000   0.15258000
 0.34333000   0.15306000
 0.33667000   0.15351000
 0.33000000   0.15391000
 0.32333000   0.15426000
 0.31667000   0.15457000
 0.31000000   0.15482000
 0.30333000   0.15502000
 0.29667000   0.15516000
 0.29000000   0.15524000
 0.28333000   0.15525000
 0.27667000   0.15520000
 0.27000000   0.15507000
 0.26333000   0.15486000
 0.25667000   0.15457000
 0.25000000   0.15419000
 0.24342000   0.15372000
 0.23693000   0.15316000
 0.23053000   0.15250000
 0.22421000   0.15175000
 0.21798000   0.15094000
 0.21184000   0.15002000
 0.20579000   0.14904000
 0.19982000   0.14798000
 0.19395000   0.14686000
 0.18816000   0.14566000
 0.18245000   0.14439000
 0.17684000   0.14308000
 0.17131000   0.14169000
 0.16587000   0.14025000
 0.16052000   0.13875000
 0.15526000   0.13721000
 0.15008000   0.13561000
 0.14499000   0.13396000
 0.13999000   0.13226000
 0.13508000   0.13052000
 0.13026000   0.12873000
 0.12552000   0.12689000
 0.12087000   0.12502000
 0.11631000   0.12311000
 0.11183000   0.12115000
 0.10745000   0.11917000
 0.10315000   0.11715000
 0.09893000   0.11509000
 0.09481000   0.11299000
 0.09077000   0.11087000
 0.08683000   0.10871000
 0.08297000   0.10652000
 0.07919000   0.10430000
 0.07551000   0.10207000
 0.07191000   0.09979000
 0.06840000   0.09750000
 0.06498000   0.09517000
 0.06164000   0.09284000
 0.05840000   0.09048000
 0.05524000   0.08809000
 0.05217000   0.08569000
 0.04918000   0.08327000
 0.04629000   0.08084000
 0.04348000   0.07839000
 0.04076000   0.07592000
 0.03812000   0.07345000
 0.03558000   0.07096000
 0.03312000   0.06847000
 0.03075000   0.06597000
 0.02847000   0.06348000
 0.02627000   0.06097000
 0.02417000   0.05847000
 0.02215000   0.05596000
 0.02022000   0.05344000
 0.01837000   0.05091000
 0.01662000   0.04841000
 0.01495000   0.04589000
 0.01337000   0.04339000
 0.01187000   0.04088000
 0.01047000   0.03840000
 0.00915000   0.03591000
 0.00792000   0.03343000
 0.00678000   0.03096000
 0.00572000   0.02845000
 0.00476000   0.02592000
 0.00388000   0.02329000
 0.00309000   0.02056000
 0.00238000   0.01774000
 0.00177000   0.01503000
 0.00124000   0.01240000
 0.00080000   0.00990000
 0.00044000   0.00733000
 0.00018000   0.00465000
 0.00000000   0.00000000
 0.00018000  -0.00461000
 0.00044000  -0.00726000
 0.00080000  -0.00990000
 0.00124000  -0.01246000
 0.00177000  -0.01509000
 0.00238000  -0.01776000
 0.00309000  -0.02049000
 0.00388000  -0.02317000
 0.00476000  -0.02585000
 0.00572000  -0.02848000
 0.00678000  -0.03112000
 0.00792000  -0.03376000
 0.00915000  -0.03642000
 0.01047000  -0.03911000
 0.01187000  -0.04178000
 0.01337000  -0.04450000
 0.01495000  -0.04721000
 0.01662000  -0.04995000
 0.01837000  -0.05269000
 0.02022000  -0.05547000
 0.02215000  -0.05825000
 0.02417000  -0.06105000
 0.02627000  -0.06386000
 0.02847000  -0.06670000
 0.03075000  -0.06955000
 0.03312000  -0.07244000
 0.03558000  -0.07536000
 0.03812000  -0.07828000
 0.04076000  -0.08125000
 0.04348000  -0.08422000
 0.04629000  -0.08720000
 0.04918000  -0.09020000
 0.05217000  -0.09321000
 0.05524000  -0.09622000
 0.05840000  -0.09925000
 0.06164000  -0.10225000
 0.06498000  -0.10528000
 0.06840000  -0.10829000
 0.07191000  -0.11131000
 0.07551000  -0.11431000
 0.07919000  -0.11730000
 0.08297000  -0.12028000
 0.08683000  -0.12325000
 0.09077000  -0.12619000
 0.09481000  -0.12914000
 0.09893000  -0.13205000
 0.10315000  -0.13494000
 0.10745000  -0.13780000
 0.11183000  -0.14065000
 0.11631000  -0.14345000
 0.12087000  -0.14624000
 0.12552000  -0.14898000
 0.13026000  -0.15169000
 0.13508000  -0.15435000
 0.13999000  -0.15697000
 0.14499000  -0.15954000
 0.15008000  -0.16207000
 0.15526000  -0.16454000
 0.16052000  -0.16696000
 0.16587000  -0.16932000
 0.17131000  -0.17163000
 0.17684000  -0.17387000
 0.18245000  -0.17603000
 0.18816000  -0.17814000
 0.19395000  -0.18015000
 0.19982000  -0.18207000
 0.20579000  -0.18391000
 0.21184000  -0.18564000
 0.21798000  -0.18727000
 0.22421000  -0.18877000
 0.23053000  -0.19015000
 0.23693000  -0.19140000
 0.24342000  -0.19250000
 0.25000000  -0.19343000
 0.25667000  -0.19420000
 0.26333000  -0.19481000
 0.27000000  -0.19525000
 0.27667000  -0.19552000
 0.28333000  -0.19562000
 0.29000000  -0.19556000
 0.29667000  -0.19535000
 0.30333000  -0.19498000
 0.31000000  -0.19448000
 0.31667000  -0.19383000
 0.32333000  -0.19303000
 0.33000000  -0.19211000
 0.33667000  -0.19107000
 0.34333000  -0.18991000
 0.35000000  -0.18864000
 0.35667000  -0.18725000
 0.36333000  -0.18577000
 0.37000000  -0.18418000
 0.37667000  -0.18251000
 0.38333000  -0.18074000
 0.39000000  -0.17889000
 0.39667000  -0.17695000
 0.40333000  -0.17496000
 0.41000000  -0.17288000
 0.41667000  -0.17074000
 0.42333000  -0.16855000
 0.43000000  -0.16631000
 0.43667000  -0.16402000
 0.44333000  -0.16167000
 0.45000000  -0.15929000
 0.45667000  -0.15684000
 0.46333000  -0.15436000
 0.47000000  -0.15185000
 0.47667000  -0.14930000
 0.48333000  -0.14671000
 0.49000000  -0.14410000
 0.49667000  -0.14147000
 0.50333000  -0.13881000
 0.51000000  -0.13613000
 0.51667000  -0.13342000
 0.52333000  -0.13071000
 0.53000000  -0.12797000
 0.53667000  -0.12522000
 0.54333000  -0.12247000
 0.55000000  -0.11970000
 0.55667000  -0.11692000
 0.56333000  -0.11413000
 0.57000000  -0.11133000
 0.57667000  -0.10853000
 0.58333000  -0.10573000
 0.59000000  -0.10293000
 0.59667000  -0.10014000
 0.60333000  -0.09734000
 0.61000000  -0.09456000
 0.61667000  -0.09178000
 0.62333000  -0.08901000
 0.63000000  -0.08624000
 0.63667000  -0.08348000
 0.64333000  -0.08074000
 0.65000000  -0.07801000
 0.65667000  -0.07529000
 0.66333000  -0.07257000
 0.67000000  -0.06987000
 0.67667000  -0.06719000
 0.68333000  -0.06452000
 0.69000000  -0.06186000
 0.69667000  -0.05922000
 0.70333000  -0.05661000
 0.71000000  -0.05401000
 0.71667000  -0.05144000
 0.72333000  -0.04889000
 0.73000000  -0.04637000
 0.73667000  -0.04386000
 0.74333000  -0.04140000
 0.75000000  -0.03896000
 0.75660000  -0.03658000
 0.76314000  -0.03425000
 0.76961000  -0.03199000
 0.77601000  -0.02979000
 0.78235000  -0.02765000
 0.78863000  -0.02557000
 0.79484000  -0.02357000
 0.80098000  -0.02162000
 0.80706000  -0.01974000
 0.81307000  -0.01794000
 0.81902000  -0.01621000
 0.82490000  -0.01454000
 0.83072000  -0.01294000
 0.83647000  -0.01142000
 0.84216000  -0.00996000
 0.84778000  -0.00858000
 0.85333000  -0.00727000
 0.85882000  -0.00604000
 0.86425000  -0.00487000
 0.86961000  -0.00377000
 0.87490000  -0.00276000
 0.88013000  -0.00182000
 0.88529000  -0.00095000
 0.89039000  -0.00014000
 0.89542000   0.00061000
 0.90039000   0.00128000
 0.90529000   0.00189000
 0.91013000   0.00243000
 0.91490000   0.00293000
 0.91961000   0.00335000
 0.92425000   0.00370000
 0.92882000   0.00401000
 0.93333000   0.00425000
 0.93778000   0.00441000
 0.94216000   0.00452000
 0.94647000   0.00455000
 0.95072000   0.00451000
 0.95490000   0.00439000
 0.95902000   0.00420000
 0.96307000   0.00394000
 0.96706000   0.00358000
 0.97098000   0.00315000
 0.97484000   0.00264000
 0.97863000   0.00206000
 0.98235000   0.00141000
 0.98601000   0.00069000
 0.98961000  -0.00011000
 0.99314000  -0.00097000
 0.99660000  -0.00190000
 1.00000000  -0.00283000
