circular_FB90_blend_t96.5
       251   NumCoords         ! Number of coordinates including the reference point.
! x-y coordinate of airfoil reference
0.25        0
! coordinates of airfoil shape
 1.00000000   0.05750000
 0.99434000   0.07785000
 0.98721000   0.09906000
 0.98041000   0.11677000
 0.97375000   0.13262000
 0.96708000   0.14727000
 0.96031000   0.16112000
 0.95343000   0.17435000
 0.94641000   0.18705000
 0.93923000   0.19933000
 0.93186000   0.21126000
 0.92430000   0.22290000
 0.91655000   0.23426000
 0.90865000   0.24532000
 0.90061000   0.25607000
 0.89235000   0.26654000
 0.88385000   0.27683000
 0.87516000   0.28693000
 0.86633000   0.29676000
 0.85735000   0.30632000
 0.84816000   0.31564000
 0.83877000   0.32476000
 0.82921000   0.33366000
 0.81949000   0.34231000
 0.80960000   0.35073000
 0.79951000   0.35894000
 0.78929000   0.36694000
 0.77899000   0.37466000
 0.76861000   0.38207000
 0.75807000   0.38923000
 0.74737000   0.39615000
 0.73656000   0.40285000
 0.72569000   0.40926000
 0.71474000   0.41538000
 0.70367000   0.42125000
 0.69249000   0.42687000
 0.68124000   0.43223000
 0.66995000   0.43733000
 0.65862000   0.44214000
 0.64724000   0.44667000
 0.63582000   0.45095000
 0.62437000   0.45495000
 0.61291000   0.45870000
 0.60149000   0.46216000
 0.59011000   0.46535000
 0.57876000   0.46825000
 0.56744000   0.47086000
 0.55612000   0.47319000
 0.54481000   0.47527000
 0.53350000   0.47708000
 0.52223000   0.47865000
 0.51102000   0.47997000
 0.49989000   0.48103000
 0.48884000   0.48183000
 0.47785000   0.48235000
 0.46689000   0.48263000
 0.45598000   0.48266000
 0.44515000   0.48245000
 0.43438000   0.48199000
 0.42367000   0.48129000
 0.41301000   0.48036000
 0.40243000   0.47921000
 0.39197000   0.47785000
 0.38164000   0.47626000
 0.37143000   0.47444000
 0.36131000   0.47237000
 0.35124000   0.47007000
 0.34124000   0.46755000
 0.33136000   0.46483000
 0.32160000   0.46191000
 0.31197000   0.45876000
 0.30242000   0.45538000
 0.29295000   0.45178000
 0.28356000   0.44797000
 0.27427000   0.44396000
 0.26511000   0.43976000
 0.25608000   0.43535000
 0.24715000   0.43072000
 0.23833000   0.42589000
 0.22961000   0.42085000
 0.22102000   0.41561000
 0.21254000   0.41017000
 0.20419000   0.40451000
 0.19593000   0.39863000
 0.18777000   0.39254000
 0.17972000   0.38625000
 0.17179000   0.37977000
 0.16400000   0.37310000
 0.15636000   0.36624000
 0.14885000   0.35919000
 0.14148000   0.35193000
 0.13424000   0.34448000
 0.12714000   0.33682000
 0.12018000   0.32899000
 0.11337000   0.32098000
 0.10674000   0.31282000
 0.10029000   0.30449000
 0.09402000   0.29597000
 0.08791000   0.28725000
 0.08196000   0.27835000
 0.07618000   0.26927000
 0.07057000   0.26003000
 0.06515000   0.25063000
 0.05991000   0.24109000
 0.05488000   0.23142000
 0.05004000   0.22161000
 0.04542000   0.21168000
 0.04101000   0.20164000
 0.03682000   0.19148000
 0.03284000   0.18120000
 0.02908000   0.17083000
 0.02553000   0.16039000
 0.02222000   0.14990000
 0.01914000   0.13939000
 0.01630000   0.12885000
 0.01370000   0.11830000
 0.01136000   0.10774000
 0.00925000   0.09718000
 0.00739000   0.08662000
 0.00576000   0.07608000
 0.00436000   0.06556000
 0.00316000   0.05509000
 0.00216000   0.04467000
 0.00135000   0.03436000
 0.00072000   0.02429000
 0.00028000   0.01454000
 0.00004000   0.00509000
 0.00001000  -0.00421000
 0.00018000  -0.01357000
 0.00055000  -0.02316000
 0.00110000  -0.03303000
 0.00184000  -0.04314000
 0.00277000  -0.05337000
 0.00390000  -0.06367000
 0.00523000  -0.07401000
 0.00679000  -0.08440000
 0.00858000  -0.09481000
 0.01060000  -0.10524000
 0.01287000  -0.11568000
 0.01537000  -0.12610000
 0.01811000  -0.13652000
 0.02109000  -0.14692000
 0.02430000  -0.15728000
 0.02772000  -0.16758000
 0.03136000  -0.17781000
 0.03521000  -0.18793000
 0.03926000  -0.19793000
 0.04354000  -0.20781000
 0.04805000  -0.21758000
 0.05278000  -0.22726000
 0.05773000  -0.23684000
 0.06287000  -0.24629000
 0.06820000  -0.25561000
 0.07372000  -0.26477000
 0.07942000  -0.27379000
 0.08532000  -0.28266000
 0.09139000  -0.29136000
 0.09763000  -0.29990000
 0.10405000  -0.30826000
 0.11064000  -0.31644000
 0.11742000  -0.32447000
 0.12436000  -0.33233000
 0.13148000  -0.34003000
 0.13875000  -0.34756000
 0.14617000  -0.35490000
 0.15374000  -0.36206000
 0.16144000  -0.36903000
 0.16929000  -0.37580000
 0.17729000  -0.38238000
 0.18544000  -0.38878000
 0.19373000  -0.39498000
 0.20214000  -0.40100000
 0.21069000  -0.40683000
 0.21935000  -0.41245000
 0.22811000  -0.41787000
 0.23698000  -0.42308000
 0.24595000  -0.42808000
 0.25501000  -0.43287000
 0.26417000  -0.43744000
 0.27342000  -0.44180000
 0.28275000  -0.44594000
 0.29216000  -0.44985000
 0.30165000  -0.45355000
 0.31122000  -0.45702000
 0.32087000  -0.46028000
 0.33059000  -0.46332000
 0.34037000  -0.46614000
 0.35021000  -0.46873000
 0.36009000  -0.47110000
 0.37002000  -0.47323000
 0.37999000  -0.47513000
 0.39004000  -0.47679000
 0.40017000  -0.47823000
 0.41035000  -0.47946000
 0.42054000  -0.48046000
 0.43074000  -0.48123000
 0.44095000  -0.48175000
 0.45121000  -0.48202000
 0.46154000  -0.48204000
 0.47193000  -0.48184000
 0.48235000  -0.48141000
 0.49278000  -0.48075000
 0.50321000  -0.47985000
 0.51365000  -0.47870000
 0.52409000  -0.47730000
 0.53457000  -0.47563000
 0.54508000  -0.47371000
 0.55564000  -0.47153000
 0.56622000  -0.46910000
 0.57682000  -0.46641000
 0.58744000  -0.46346000
 0.59807000  -0.46023000
 0.60873000  -0.45674000
 0.61941000  -0.45297000
 0.63010000  -0.44894000
 0.64079000  -0.44463000
 0.65148000  -0.44005000
 0.66216000  -0.43520000
 0.67282000  -0.43007000
 0.68342000  -0.42468000
 0.69398000  -0.41899000
 0.70452000  -0.41297000
 0.71510000  -0.40663000
 0.72569000  -0.39998000
 0.73622000  -0.39306000
 0.74667000  -0.38585000
 0.75707000  -0.37832000
 0.76745000  -0.37044000
 0.77781000  -0.36222000
 0.78811000  -0.35369000
 0.79833000  -0.34484000
 0.80849000  -0.33562000
 0.81861000  -0.32601000
 0.82871000  -0.31599000
 0.83879000  -0.30555000
 0.84885000  -0.29469000
 0.85886000  -0.28340000
 0.86882000  -0.27165000
 0.87877000  -0.25936000
 0.88877000  -0.24644000
 0.89884000  -0.23289000
 0.90890000  -0.21877000
 0.91896000  -0.20392000
 0.92915000  -0.18809000
 0.93962000  -0.17104000
 0.95048000  -0.15247000
 0.96193000  -0.13195000
 0.97433000  -0.10860000
 0.98853000  -0.08056000
 1.00000000  -0.05705000
