circular_FB90_blend_t93.0
       251   NumCoords         ! Number of coordinates including the reference point.
! x-y coordinate of airfoil reference
0.25        0
! coordinates of airfoil shape
 1.00000000   0.11299000
 0.98937000   0.12997000
 0.97596000   0.14868000
 0.96298000   0.16543000
 0.95050000   0.18079000
 0.93816000   0.19529000
 0.92586000   0.20919000
 0.91362000   0.22246000
 0.90133000   0.23526000
 0.88891000   0.24771000
 0.87646000   0.25980000
 0.86419000   0.27131000
 0.85190000   0.28229000
 0.83930000   0.29309000
 0.82669000   0.30360000
 0.81424000   0.31357000
 0.80165000   0.32318000
 0.78889000   0.33255000
 0.77615000   0.34157000
 0.76335000   0.35022000
 0.75037000   0.35866000
 0.73746000   0.36680000
 0.72481000   0.37445000
 0.71215000   0.38168000
 0.69935000   0.38866000
 0.68659000   0.39536000
 0.67402000   0.40165000
 0.66147000   0.40757000
 0.64883000   0.41323000
 0.63622000   0.41862000
 0.62377000   0.42368000
 0.61144000   0.42840000
 0.59918000   0.43281000
 0.58700000   0.43693000
 0.57493000   0.44078000
 0.56306000   0.44434000
 0.55143000   0.44759000
 0.54003000   0.45051000
 0.52878000   0.45311000
 0.51763000   0.45543000
 0.50656000   0.45748000
 0.49555000   0.45929000
 0.48465000   0.46088000
 0.47392000   0.46225000
 0.46341000   0.46337000
 0.45308000   0.46424000
 0.44287000   0.46485000
 0.43274000   0.46523000
 0.42271000   0.46539000
 0.41279000   0.46535000
 0.40300000   0.46509000
 0.39331000   0.46462000
 0.38369000   0.46395000
 0.37416000   0.46310000
 0.36477000   0.46209000
 0.35557000   0.46092000
 0.34657000   0.45956000
 0.33771000   0.45798000
 0.32893000   0.45619000
 0.32021000   0.45420000
 0.31155000   0.45205000
 0.30302000   0.44975000
 0.29464000   0.44729000
 0.28641000   0.44465000
 0.27827000   0.44181000
 0.27019000   0.43877000
 0.26217000   0.43556000
 0.25422000   0.43220000
 0.24639000   0.42869000
 0.23869000   0.42503000
 0.23111000   0.42120000
 0.22363000   0.41718000
 0.21622000   0.41299000
 0.20890000   0.40863000
 0.20167000   0.40410000
 0.19455000   0.39942000
 0.18754000   0.39455000
 0.18062000   0.38950000
 0.17376000   0.38424000
 0.16696000   0.37878000
 0.16022000   0.37315000
 0.15357000   0.36737000
 0.14703000   0.36143000
 0.14061000   0.35533000
 0.13430000   0.34905000
 0.12809000   0.34260000
 0.12199000   0.33595000
 0.11597000   0.32911000
 0.11005000   0.32210000
 0.10424000   0.31491000
 0.09854000   0.30758000
 0.09299000   0.30011000
 0.08760000   0.29248000
 0.08235000   0.28467000
 0.07722000   0.27665000
 0.07220000   0.26842000
 0.06729000   0.26000000
 0.06252000   0.25141000
 0.05788000   0.24268000
 0.05340000   0.23378000
 0.04906000   0.22474000
 0.04489000   0.21557000
 0.04088000   0.20628000
 0.03706000   0.19688000
 0.03343000   0.18737000
 0.02997000   0.17773000
 0.02669000   0.16797000
 0.02357000   0.15815000
 0.02064000   0.14829000
 0.01791000   0.13844000
 0.01539000   0.12861000
 0.01309000   0.11882000
 0.01101000   0.10907000
 0.00915000   0.09936000
 0.00751000   0.08969000
 0.00608000   0.08007000
 0.00485000   0.07049000
 0.00379000   0.06099000
 0.00288000   0.05156000
 0.00209000   0.04225000
 0.00142000   0.03313000
 0.00087000   0.02435000
 0.00044000   0.01602000
 0.00014000   0.00813000
-0.00000000   0.00053000
 0.00002000  -0.00696000
 0.00020000  -0.01457000
 0.00052000  -0.02247000
 0.00097000  -0.03075000
 0.00153000  -0.03938000
 0.00221000  -0.04825000
 0.00301000  -0.05727000
 0.00397000  -0.06638000
 0.00508000  -0.07558000
 0.00637000  -0.08487000
 0.00787000  -0.09422000
 0.00957000  -0.10364000
 0.01147000  -0.11310000
 0.01359000  -0.12259000
 0.01591000  -0.13213000
 0.01843000  -0.14169000
 0.02114000  -0.15125000
 0.02403000  -0.16078000
 0.02710000  -0.17025000
 0.03032000  -0.17961000
 0.03370000  -0.18883000
 0.03728000  -0.19791000
 0.04107000  -0.20690000
 0.04507000  -0.21582000
 0.04924000  -0.22468000
 0.05358000  -0.23344000
 0.05806000  -0.24206000
 0.06269000  -0.25053000
 0.06747000  -0.25885000
 0.07241000  -0.26704000
 0.07748000  -0.27508000
 0.08269000  -0.28296000
 0.08804000  -0.29067000
 0.09352000  -0.29822000
 0.09915000  -0.30560000
 0.10494000  -0.31285000
 0.11086000  -0.31995000
 0.11692000  -0.32691000
 0.12311000  -0.33372000
 0.12941000  -0.34037000
 0.13583000  -0.34686000
 0.14235000  -0.35317000
 0.14899000  -0.35931000
 0.15575000  -0.36529000
 0.16264000  -0.37111000
 0.16965000  -0.37677000
 0.17677000  -0.38228000
 0.18399000  -0.38763000
 0.19131000  -0.39282000
 0.19872000  -0.39784000
 0.20621000  -0.40268000
 0.21377000  -0.40735000
 0.22142000  -0.41184000
 0.22913000  -0.41615000
 0.23691000  -0.42028000
 0.24476000  -0.42423000
 0.25268000  -0.42799000
 0.26065000  -0.43157000
 0.26869000  -0.43496000
 0.27679000  -0.43817000
 0.28496000  -0.44119000
 0.29319000  -0.44404000
 0.30149000  -0.44671000
 0.30984000  -0.44920000
 0.31823000  -0.45150000
 0.32665000  -0.45362000
 0.33509000  -0.45555000
 0.34357000  -0.45727000
 0.35210000  -0.45879000
 0.36072000  -0.46012000
 0.36943000  -0.46126000
 0.37821000  -0.46225000
 0.38699000  -0.46307000
 0.39576000  -0.46370000
 0.40451000  -0.46410000
 0.41331000  -0.46428000
 0.42221000  -0.46424000
 0.43121000  -0.46400000
 0.44030000  -0.46358000
 0.44943000  -0.46298000
 0.45857000  -0.46219000
 0.46772000  -0.46119000
 0.47689000  -0.45997000
 0.48611000  -0.45851000
 0.49539000  -0.45682000
 0.50477000  -0.45488000
 0.51425000  -0.45270000
 0.52384000  -0.45029000
 0.53350000  -0.44763000
 0.54324000  -0.44472000
 0.55308000  -0.44155000
 0.56305000  -0.43808000
 0.57316000  -0.43434000
 0.58340000  -0.43030000
 0.59376000  -0.42599000
 0.60424000  -0.42138000
 0.61483000  -0.41646000
 0.62554000  -0.41123000
 0.63631000  -0.40568000
 0.64715000  -0.39979000
 0.65817000  -0.39344000
 0.66953000  -0.38659000
 0.68117000  -0.37932000
 0.69291000  -0.37170000
 0.70478000  -0.36361000
 0.71698000  -0.35490000
 0.72957000  -0.34559000
 0.74241000  -0.33574000
 0.75552000  -0.32524000
 0.76910000  -0.31390000
 0.78338000  -0.30152000
 0.79841000  -0.28812000
 0.81402000  -0.27378000
 0.83023000  -0.25841000
 0.84728000  -0.24190000
 0.86480000  -0.22492000
 0.88204000  -0.20800000
 0.89843000  -0.19190000
 0.91351000  -0.17741000
 0.92764000  -0.16433000
 0.94118000  -0.15238000
 0.95456000  -0.14128000
 0.96844000  -0.13073000
 0.98430000  -0.12033000
 1.00000000  -0.11210000
