FB60_SNL-FFA-W3-560FB_blend_t56.4
       301   NumCoords         ! Number of coordinates including the reference point.
! x-y coordinate of airfoil reference
0.25        0
! coordinates of airfoil shape
 1.00000000   0.10113000
 0.99151000   0.10615000
 0.97973000   0.11281000
 0.96834000   0.11863000
 0.95682000   0.12416000
 0.94529000   0.12970000
 0.93349000   0.13514000
 0.92144000   0.14067000
 0.90942000   0.14616000
 0.89755000   0.15144000
 0.88579000   0.15656000
 0.87414000   0.16162000
 0.86250000   0.16658000
 0.85099000   0.17151000
 0.83978000   0.17616000
 0.82871000   0.18057000
 0.81794000   0.18485000
 0.80763000   0.18893000
 0.79781000   0.19269000
 0.78838000   0.19618000
 0.77929000   0.19969000
 0.77022000   0.20297000
 0.76099000   0.20624000
 0.75153000   0.20967000
 0.74168000   0.21307000
 0.73147000   0.21650000
 0.72106000   0.21995000
 0.71053000   0.22335000
 0.70000000   0.22673000
 0.68964000   0.23002000
 0.67945000   0.23305000
 0.66936000   0.23604000
 0.65928000   0.23896000
 0.64900000   0.24179000
 0.63853000   0.24469000
 0.62782000   0.24752000
 0.61690000   0.25028000
 0.60586000   0.25297000
 0.59477000   0.25556000
 0.58375000   0.25812000
 0.57296000   0.26054000
 0.56232000   0.26269000
 0.55170000   0.26485000
 0.54101000   0.26693000
 0.53008000   0.26889000
 0.51908000   0.27081000
 0.50816000   0.27257000
 0.49721000   0.27416000
 0.48637000   0.27561000
 0.47560000   0.27691000
 0.46501000   0.27812000
 0.45455000   0.27911000
 0.44423000   0.28002000
 0.43418000   0.28079000
 0.42438000   0.28142000
 0.41489000   0.28190000
 0.40565000   0.28219000
 0.39666000   0.28239000
 0.38800000   0.28256000
 0.37970000   0.28257000
 0.37163000   0.28242000
 0.36372000   0.28231000
 0.35597000   0.28207000
 0.34821000   0.28160000
 0.34037000   0.28116000
 0.33246000   0.28067000
 0.32444000   0.27999000
 0.31630000   0.27921000
 0.30812000   0.27831000
 0.29990000   0.27725000
 0.29165000   0.27605000
 0.28337000   0.27473000
 0.27511000   0.27333000
 0.26695000   0.27182000
 0.25889000   0.27013000
 0.25085000   0.26828000
 0.24289000   0.26636000
 0.23506000   0.26431000
 0.22732000   0.26213000
 0.21969000   0.25985000
 0.21220000   0.25750000
 0.20488000   0.25502000
 0.19769000   0.25237000
 0.19059000   0.24963000
 0.18361000   0.24680000
 0.17677000   0.24388000
 0.17006000   0.24089000
 0.16353000   0.23782000
 0.15715000   0.23461000
 0.15088000   0.23131000
 0.14475000   0.22794000
 0.13876000   0.22447000
 0.13289000   0.22092000
 0.12715000   0.21734000
 0.12158000   0.21369000
 0.11616000   0.20992000
 0.11083000   0.20611000
 0.10564000   0.20228000
 0.10065000   0.19838000
 0.09579000   0.19437000
 0.09102000   0.19034000
 0.08639000   0.18631000
 0.08192000   0.18224000
 0.07762000   0.17811000
 0.07347000   0.17392000
 0.06946000   0.16967000
 0.06558000   0.16537000
 0.06181000   0.16104000
 0.05816000   0.15669000
 0.05462000   0.15232000
 0.05121000   0.14796000
 0.04794000   0.14359000
 0.04484000   0.13919000
 0.04187000   0.13475000
 0.03900000   0.13031000
 0.03622000   0.12589000
 0.03357000   0.12149000
 0.03106000   0.11711000
 0.02868000   0.11274000
 0.02643000   0.10837000
 0.02430000   0.10401000
 0.02228000   0.09968000
 0.02035000   0.09538000
 0.01853000   0.09113000
 0.01682000   0.08691000
 0.01522000   0.08274000
 0.01370000   0.07861000
 0.01226000   0.07454000
 0.01093000   0.07054000
 0.00970000   0.06659000
 0.00859000   0.06270000
 0.00759000   0.05885000
 0.00669000   0.05505000
 0.00589000   0.05130000
 0.00518000   0.04759000
 0.00454000   0.04394000
 0.00396000   0.04034000
 0.00345000   0.03681000
 0.00298000   0.03333000
 0.00255000   0.02993000
 0.00217000   0.02659000
 0.00180000   0.02333000
 0.00146000   0.02014000
 0.00114000   0.01702000
 0.00085000   0.01396000
 0.00059000   0.01099000
 0.00037000   0.00811000
 0.00019000   0.00533000
 0.00006000   0.00263000
-0.00001000  -0.00000000
-0.00001000  -0.00261000
 0.00004000  -0.00523000
 0.00015000  -0.00790000
 0.00031000  -0.01065000
 0.00050000  -0.01348000
 0.00073000  -0.01641000
 0.00098000  -0.01941000
 0.00127000  -0.02247000
 0.00158000  -0.02559000
 0.00193000  -0.02877000
 0.00231000  -0.03202000
 0.00274000  -0.03533000
 0.00322000  -0.03870000
 0.00376000  -0.04213000
 0.00436000  -0.04562000
 0.00502000  -0.04916000
 0.00577000  -0.05275000
 0.00659000  -0.05640000
 0.00750000  -0.06009000
 0.00850000  -0.06383000
 0.00959000  -0.06762000
 0.01079000  -0.07145000
 0.01209000  -0.07532000
 0.01349000  -0.07925000
 0.01498000  -0.08322000
 0.01656000  -0.08724000
 0.01825000  -0.09130000
 0.02003000  -0.09539000
 0.02192000  -0.09951000
 0.02391000  -0.10365000
 0.02602000  -0.10783000
 0.02824000  -0.11202000
 0.03057000  -0.11622000
 0.03302000  -0.12042000
 0.03561000  -0.12462000
 0.03834000  -0.12883000
 0.04120000  -0.13306000
 0.04417000  -0.13730000
 0.04725000  -0.14152000
 0.05048000  -0.14572000
 0.05388000  -0.14991000
 0.05741000  -0.15410000
 0.06106000  -0.15829000
 0.06483000  -0.16248000
 0.06872000  -0.16664000
 0.07274000  -0.17076000
 0.07692000  -0.17483000
 0.08124000  -0.17888000
 0.08571000  -0.18288000
 0.09033000  -0.18683000
 0.09511000  -0.19075000
 0.10002000  -0.19466000
 0.10503000  -0.19850000
 0.11023000  -0.20225000
 0.11560000  -0.20597000
 0.12108000  -0.20969000
 0.12667000  -0.21331000
 0.13244000  -0.21681000
 0.13838000  -0.22030000
 0.14441000  -0.22374000
 0.15056000  -0.22707000
 0.15685000  -0.23035000
 0.16320000  -0.23356000
 0.16965000  -0.23660000
 0.17625000  -0.23956000
 0.18292000  -0.24252000
 0.18965000  -0.24535000
 0.19655000  -0.24804000
 0.20358000  -0.25068000
 0.21067000  -0.25324000
 0.21782000  -0.25567000
 0.22504000  -0.25797000
 0.23233000  -0.26020000
 0.23958000  -0.26235000
 0.24679000  -0.26435000
 0.25398000  -0.26615000
 0.26120000  -0.26779000
 0.26841000  -0.26948000
 0.27563000  -0.27109000
 0.28304000  -0.27246000
 0.29069000  -0.27376000
 0.29847000  -0.27506000
 0.30629000  -0.27629000
 0.31418000  -0.27732000
 0.32222000  -0.27823000
 0.33036000  -0.27914000
 0.33864000  -0.27984000
 0.34720000  -0.28038000
 0.35595000  -0.28086000
 0.36485000  -0.28123000
 0.37387000  -0.28153000
 0.38292000  -0.28161000
 0.39216000  -0.28146000
 0.40161000  -0.28118000
 0.41115000  -0.28081000
 0.42077000  -0.28024000
 0.43052000  -0.27953000
 0.44033000  -0.27866000
 0.45019000  -0.27760000
 0.46015000  -0.27632000
 0.47024000  -0.27488000
 0.48041000  -0.27328000
 0.49063000  -0.27151000
 0.50090000  -0.26956000
 0.51122000  -0.26739000
 0.52164000  -0.26504000
 0.53211000  -0.26251000
 0.54265000  -0.25979000
 0.55321000  -0.25690000
 0.56383000  -0.25381000
 0.57446000  -0.25062000
 0.58499000  -0.24728000
 0.59549000  -0.24378000
 0.60593000  -0.24024000
 0.61623000  -0.23651000
 0.62653000  -0.23264000
 0.63681000  -0.22877000
 0.64708000  -0.22467000
 0.65762000  -0.22044000
 0.66852000  -0.21585000
 0.68004000  -0.21085000
 0.69206000  -0.20556000
 0.70451000  -0.19999000
 0.71725000  -0.19420000
 0.73013000  -0.18818000
 0.74330000  -0.18195000
 0.75671000  -0.17567000
 0.77007000  -0.16942000
 0.78313000  -0.16330000
 0.79570000  -0.15743000
 0.80771000  -0.15197000
 0.81940000  -0.14691000
 0.83078000  -0.14202000
 0.84180000  -0.13739000
 0.85245000  -0.13305000
 0.86281000  -0.12904000
 0.87283000  -0.12521000
 0.88258000  -0.12174000
 0.89223000  -0.11851000
 0.90170000  -0.11551000
 0.91108000  -0.11278000
 0.92040000  -0.11029000
 0.92972000  -0.10807000
 0.93915000  -0.10603000
 0.94865000  -0.10415000
 0.95820000  -0.10255000
 0.96811000  -0.10141000
 0.97885000  -0.10059000
 0.99075000  -0.10015000
 1.00000000  -0.10032000
