FB70_FB60_blend_t61.0
       201   NumCoords         ! Number of coordinates including the reference point.
! x-y coordinate of airfoil reference
0.25        0
! coordinates of airfoil shape
 1.00000000   0.12470000
 0.98469000   0.13245000
 0.96486000   0.14136000
 0.94581000   0.14907000
 0.92746000   0.15634000
 0.90907000   0.16355000
 0.89018000   0.17085000
 0.87063000   0.17824000
 0.85038000   0.18596000
 0.82977000   0.19363000
 0.80826000   0.20146000
 0.78539000   0.20960000
 0.76140000   0.21800000
 0.73681000   0.22637000
 0.71228000   0.23444000
 0.68800000   0.24222000
 0.66487000   0.24952000
 0.64265000   0.25612000
 0.62179000   0.26219000
 0.60250000   0.26750000
 0.58414000   0.27241000
 0.56680000   0.27682000
 0.55038000   0.28090000
 0.53442000   0.28454000
 0.51939000   0.28787000
 0.50503000   0.29085000
 0.49089000   0.29362000
 0.47653000   0.29611000
 0.46245000   0.29839000
 0.44855000   0.30027000
 0.43472000   0.30209000
 0.42085000   0.30356000
 0.40721000   0.30483000
 0.39389000   0.30563000
 0.38080000   0.30631000
 0.36809000   0.30663000
 0.35562000   0.30665000
 0.34329000   0.30662000
 0.33073000   0.30601000
 0.31794000   0.30522000
 0.30529000   0.30423000
 0.29281000   0.30276000
 0.28033000   0.30098000
 0.26805000   0.29888000
 0.25585000   0.29647000
 0.24391000   0.29374000
 0.23218000   0.29068000
 0.22072000   0.28728000
 0.20948000   0.28351000
 0.19845000   0.27957000
 0.18780000   0.27529000
 0.17740000   0.27064000
 0.16721000   0.26575000
 0.15731000   0.26069000
 0.14778000   0.25536000
 0.13856000   0.24970000
 0.12957000   0.24380000
 0.12087000   0.23774000
 0.11247000   0.23149000
 0.10444000   0.22505000
 0.09669000   0.21838000
 0.08926000   0.21162000
 0.08223000   0.20460000
 0.07540000   0.19744000
 0.06890000   0.19024000
 0.06284000   0.18286000
 0.05710000   0.17523000
 0.05158000   0.16753000
 0.04637000   0.15975000
 0.04143000   0.15193000
 0.03688000   0.14407000
 0.03268000   0.13610000
 0.02868000   0.12815000
 0.02500000   0.12027000
 0.02167000   0.11243000
 0.01865000   0.10461000
 0.01588000   0.09689000
 0.01338000   0.08930000
 0.01114000   0.08185000
 0.00913000   0.07458000
 0.00743000   0.06750000
 0.00606000   0.06055000
 0.00493000   0.05374000
 0.00399000   0.04711000
 0.00321000   0.04066000
 0.00253000   0.03442000
 0.00193000   0.02842000
 0.00138000   0.02267000
 0.00089000   0.01716000
 0.00049000   0.01189000
 0.00019000   0.00691000
 0.00003000   0.00220000
 0.00002000  -0.00238000
 0.00017000  -0.00705000
 0.00042000  -0.01198000
 0.00073000  -0.01719000
 0.00111000  -0.02262000
 0.00156000  -0.02823000
 0.00214000  -0.03405000
 0.00284000  -0.04009000
 0.00368000  -0.04632000
 0.00470000  -0.05273000
 0.00588000  -0.05933000
 0.00726000  -0.06607000
 0.00890000  -0.07293000
 0.01086000  -0.07992000
 0.01308000  -0.08707000
 0.01555000  -0.09435000
 0.01829000  -0.10174000
 0.02129000  -0.10922000
 0.02455000  -0.11674000
 0.02813000  -0.12429000
 0.03204000  -0.13184000
 0.03623000  -0.13942000
 0.04076000  -0.14693000
 0.04566000  -0.15440000
 0.05089000  -0.16188000
 0.05639000  -0.16931000
 0.06219000  -0.17664000
 0.06831000  -0.18386000
 0.07477000  -0.19093000
 0.08158000  -0.19788000
 0.08870000  -0.20470000
 0.09615000  -0.21135000
 0.10391000  -0.21788000
 0.11192000  -0.22425000
 0.12022000  -0.23034000
 0.12886000  -0.23627000
 0.13764000  -0.24203000
 0.14667000  -0.24747000
 0.15592000  -0.25267000
 0.16525000  -0.25768000
 0.17463000  -0.26237000
 0.18405000  -0.26672000
 0.19352000  -0.27072000
 0.20290000  -0.27461000
 0.21230000  -0.27806000
 0.22189000  -0.28138000
 0.23169000  -0.28463000
 0.24201000  -0.28758000
 0.25274000  -0.29047000
 0.26370000  -0.29314000
 0.27508000  -0.29544000
 0.28673000  -0.29759000
 0.29856000  -0.29948000
 0.31048000  -0.30110000
 0.32242000  -0.30224000
 0.33460000  -0.30306000
 0.34681000  -0.30368000
 0.35906000  -0.30390000
 0.37132000  -0.30385000
 0.38345000  -0.30343000
 0.39547000  -0.30271000
 0.40726000  -0.30173000
 0.41873000  -0.30051000
 0.42985000  -0.29901000
 0.44062000  -0.29746000
 0.45097000  -0.29556000
 0.46111000  -0.29353000
 0.47093000  -0.29153000
 0.48031000  -0.28940000
 0.48924000  -0.28709000
 0.49779000  -0.28470000
 0.50604000  -0.28252000
 0.51394000  -0.28015000
 0.52170000  -0.27757000
 0.52956000  -0.27521000
 0.53747000  -0.27250000
 0.54566000  -0.26948000
 0.55441000  -0.26645000
 0.56367000  -0.26303000
 0.57353000  -0.25911000
 0.58414000  -0.25490000
 0.59552000  -0.25014000
 0.60790000  -0.24485000
 0.62130000  -0.23889000
 0.63577000  -0.23231000
 0.65101000  -0.22514000
 0.66682000  -0.21746000
 0.68330000  -0.20949000
 0.70065000  -0.20099000
 0.71868000  -0.19208000
 0.73722000  -0.18307000
 0.75583000  -0.17434000
 0.77398000  -0.16605000
 0.79126000  -0.15854000
 0.80805000  -0.15183000
 0.82420000  -0.14575000
 0.83969000  -0.14033000
 0.85462000  -0.13555000
 0.86897000  -0.13144000
 0.88302000  -0.12795000
 0.89678000  -0.12500000
 0.91041000  -0.12269000
 0.92417000  -0.12093000
 0.93809000  -0.11966000
 0.95236000  -0.11906000
 0.96751000  -0.11936000
 0.98491000  -0.12101000
 1.00000000  -0.12357000
