FB70_FB60_blend_t66.3
       201   NumCoords         ! Number of coordinates including the reference point.
! x-y coordinate of airfoil reference
0.25        0
! coordinates of airfoil shape
 1.00000000   0.15187000
 0.98163000   0.16001000
 0.95858000   0.16881000
 0.93644000   0.17644000
 0.91410000   0.18391000
 0.89181000   0.19144000
 0.86928000   0.19893000
 0.84615000   0.20660000
 0.82229000   0.21458000
 0.79845000   0.22247000
 0.77544000   0.22994000
 0.75399000   0.23691000
 0.73345000   0.24353000
 0.71196000   0.25050000
 0.68850000   0.25785000
 0.66394000   0.26562000
 0.63922000   0.27333000
 0.61501000   0.28060000
 0.59227000   0.28740000
 0.57100000   0.29338000
 0.55151000   0.29891000
 0.53329000   0.30381000
 0.51640000   0.30811000
 0.50083000   0.31201000
 0.48620000   0.31536000
 0.47211000   0.31853000
 0.45796000   0.32125000
 0.44363000   0.32393000
 0.42903000   0.32623000
 0.41432000   0.32845000
 0.39931000   0.33023000
 0.38414000   0.33169000
 0.36893000   0.33275000
 0.35386000   0.33339000
 0.33899000   0.33357000
 0.32439000   0.33344000
 0.31028000   0.33270000
 0.29624000   0.33154000
 0.28273000   0.33016000
 0.26960000   0.32810000
 0.25667000   0.32573000
 0.24416000   0.32297000
 0.23188000   0.31982000
 0.22003000   0.31637000
 0.20848000   0.31247000
 0.19728000   0.30818000
 0.18626000   0.30349000
 0.17556000   0.29858000
 0.16520000   0.29324000
 0.15509000   0.28752000
 0.14520000   0.28154000
 0.13565000   0.27532000
 0.12647000   0.26873000
 0.11755000   0.26179000
 0.10890000   0.25461000
 0.10052000   0.24720000
 0.09254000   0.23960000
 0.08492000   0.23165000
 0.07757000   0.22356000
 0.07067000   0.21518000
 0.06400000   0.20658000
 0.05764000   0.19794000
 0.05186000   0.18904000
 0.04632000   0.17985000
 0.04106000   0.17061000
 0.03613000   0.16122000
 0.03154000   0.15182000
 0.02744000   0.14227000
 0.02354000   0.13270000
 0.01999000   0.12324000
 0.01687000   0.11385000
 0.01408000   0.10453000
 0.01156000   0.09542000
 0.00938000   0.08651000
 0.00746000   0.07785000
 0.00593000   0.06949000
 0.00480000   0.06131000
 0.00388000   0.05336000
 0.00312000   0.04569000
 0.00248000   0.03834000
 0.00187000   0.03132000
 0.00130000   0.02467000
 0.00081000   0.01835000
 0.00041000   0.01236000
 0.00013000   0.00677000
 0.00000000   0.00150000
 0.00007000  -0.00372000
 0.00029000  -0.00918000
 0.00054000  -0.01504000
 0.00083000  -0.02121000
 0.00122000  -0.02765000
 0.00174000  -0.03440000
 0.00239000  -0.04148000
 0.00320000  -0.04886000
 0.00416000  -0.05653000
 0.00528000  -0.06444000
 0.00668000  -0.07253000
 0.00850000  -0.08082000
 0.01061000  -0.08937000
 0.01303000  -0.09810000
 0.01577000  -0.10701000
 0.01876000  -0.11604000
 0.02213000  -0.12511000
 0.02585000  -0.13423000
 0.02990000  -0.14334000
 0.03434000  -0.15237000
 0.03923000  -0.16136000
 0.04444000  -0.17033000
 0.04999000  -0.17919000
 0.05583000  -0.18792000
 0.06206000  -0.19643000
 0.06868000  -0.20478000
 0.07561000  -0.21296000
 0.08287000  -0.22090000
 0.09046000  -0.22868000
 0.09824000  -0.23619000
 0.10639000  -0.24336000
 0.11481000  -0.25035000
 0.12331000  -0.25704000
 0.13215000  -0.26332000
 0.14106000  -0.26942000
 0.15007000  -0.27515000
 0.15911000  -0.28055000
 0.16823000  -0.28547000
 0.17733000  -0.29025000
 0.18648000  -0.29461000
 0.19584000  -0.29875000
 0.20528000  -0.30279000
 0.21505000  -0.30646000
 0.22506000  -0.30997000
 0.23507000  -0.31326000
 0.24522000  -0.31608000
 0.25544000  -0.31875000
 0.26564000  -0.32108000
 0.27583000  -0.32314000
 0.28584000  -0.32498000
 0.29562000  -0.32638000
 0.30531000  -0.32741000
 0.31483000  -0.32837000
 0.32425000  -0.32894000
 0.33361000  -0.32939000
 0.34280000  -0.32958000
 0.35195000  -0.32947000
 0.36095000  -0.32928000
 0.36978000  -0.32878000
 0.37849000  -0.32817000
 0.38699000  -0.32742000
 0.39533000  -0.32631000
 0.40364000  -0.32526000
 0.41189000  -0.32410000
 0.42014000  -0.32254000
 0.42841000  -0.32085000
 0.43658000  -0.31915000
 0.44451000  -0.31739000
 0.45216000  -0.31549000
 0.45951000  -0.31341000
 0.46662000  -0.31132000
 0.47353000  -0.30940000
 0.48015000  -0.30734000
 0.48656000  -0.30502000
 0.49297000  -0.30288000
 0.49938000  -0.30084000
 0.50570000  -0.29839000
 0.51214000  -0.29570000
 0.51892000  -0.29319000
 0.52600000  -0.29045000
 0.53343000  -0.28723000
 0.54142000  -0.28379000
 0.54994000  -0.28012000
 0.55890000  -0.27605000
 0.56839000  -0.27159000
 0.57853000  -0.26685000
 0.58936000  -0.26147000
 0.60109000  -0.25565000
 0.61347000  -0.24937000
 0.62641000  -0.24272000
 0.63980000  -0.23556000
 0.65426000  -0.22801000
 0.66996000  -0.21976000
 0.68668000  -0.21109000
 0.70379000  -0.20227000
 0.72115000  -0.19375000
 0.73855000  -0.18560000
 0.75552000  -0.17799000
 0.77199000  -0.17120000
 0.78808000  -0.16515000
 0.80385000  -0.15974000
 0.81920000  -0.15496000
 0.83414000  -0.15080000
 0.84872000  -0.14727000
 0.86301000  -0.14437000
 0.87712000  -0.14208000
 0.89111000  -0.14036000
 0.90510000  -0.13929000
 0.91932000  -0.13886000
 0.93386000  -0.13894000
 0.94870000  -0.13977000
 0.96463000  -0.14187000
 0.98336000  -0.14565000
 1.00000000  -0.15043000
