FB80_FB70_blend_t71.8
       201   NumCoords         ! Number of coordinates including the reference point.
! x-y coordinate of airfoil reference
0.25        0
! coordinates of airfoil shape
 1.00000000   0.17503000
 0.97945000   0.18355000
 0.95476000   0.19219000
 0.93137000   0.19960000
 0.90762000   0.20689000
 0.88314000   0.21456000
 0.85835000   0.22224000
 0.83385000   0.22998000
 0.80879000   0.23793000
 0.78323000   0.24605000
 0.75824000   0.25393000
 0.73435000   0.26165000
 0.70977000   0.26953000
 0.68328000   0.27797000
 0.65621000   0.28671000
 0.63022000   0.29514000
 0.60630000   0.30267000
 0.58496000   0.30944000
 0.56573000   0.31525000
 0.54851000   0.32055000
 0.53254000   0.32525000
 0.51716000   0.32969000
 0.50186000   0.33395000
 0.48679000   0.33798000
 0.47220000   0.34170000
 0.45848000   0.34491000
 0.44542000   0.34778000
 0.43281000   0.35034000
 0.42014000   0.35258000
 0.40725000   0.35484000
 0.39387000   0.35669000
 0.38017000   0.35836000
 0.36645000   0.35966000
 0.35266000   0.36057000
 0.33903000   0.36111000
 0.32559000   0.36124000
 0.31253000   0.36110000
 0.29987000   0.36030000
 0.28729000   0.35925000
 0.27504000   0.35794000
 0.26304000   0.35600000
 0.25111000   0.35371000
 0.23947000   0.35106000
 0.22799000   0.34803000
 0.21685000   0.34467000
 0.20594000   0.34086000
 0.19532000   0.33671000
 0.18491000   0.33205000
 0.17465000   0.32715000
 0.16472000   0.32191000
 0.15505000   0.31624000
 0.14559000   0.31017000
 0.13632000   0.30383000
 0.12735000   0.29718000
 0.11868000   0.29015000
 0.11025000   0.28276000
 0.10204000   0.27506000
 0.09409000   0.26717000
 0.08656000   0.25895000
 0.07928000   0.25041000
 0.07234000   0.24163000
 0.06573000   0.23253000
 0.05933000   0.22321000
 0.05333000   0.21383000
 0.04787000   0.20403000
 0.04253000   0.19401000
 0.03755000   0.18381000
 0.03285000   0.17342000
 0.02856000   0.16293000
 0.02463000   0.15227000
 0.02097000   0.14161000
 0.01772000   0.13102000
 0.01485000   0.12048000
 0.01227000   0.11010000
 0.01002000   0.09999000
 0.00819000   0.09015000
 0.00674000   0.08056000
 0.00560000   0.07123000
 0.00467000   0.06222000
 0.00382000   0.05360000
 0.00300000   0.04544000
 0.00229000   0.03772000
 0.00169000   0.03042000
 0.00122000   0.02365000
 0.00095000   0.01733000
 0.00092000   0.01105000
 0.00101000   0.00441000
 0.00108000  -0.00270000
 0.00122000  -0.01022000
 0.00148000  -0.01820000
 0.00184000  -0.02664000
 0.00234000  -0.03551000
 0.00294000  -0.04479000
 0.00375000  -0.05432000
 0.00503000  -0.06413000
 0.00666000  -0.07430000
 0.00862000  -0.08474000
 0.01088000  -0.09544000
 0.01343000  -0.10626000
 0.01632000  -0.11711000
 0.01958000  -0.12795000
 0.02322000  -0.13870000
 0.02734000  -0.14933000
 0.03184000  -0.15994000
 0.03666000  -0.17040000
 0.04181000  -0.18071000
 0.04728000  -0.19074000
 0.05318000  -0.20053000
 0.05938000  -0.21012000
 0.06593000  -0.21941000
 0.07277000  -0.22853000
 0.07980000  -0.23729000
 0.08724000  -0.24567000
 0.09490000  -0.25389000
 0.10267000  -0.26170000
 0.11078000  -0.26913000
 0.11897000  -0.27630000
 0.12726000  -0.28309000
 0.13562000  -0.28947000
 0.14409000  -0.29543000
 0.15254000  -0.30108000
 0.16087000  -0.30635000
 0.16920000  -0.31111000
 0.17741000  -0.31573000
 0.18556000  -0.32001000
 0.19398000  -0.32387000
 0.20249000  -0.32779000
 0.21115000  -0.33147000
 0.22009000  -0.33478000
 0.22922000  -0.33797000
 0.23844000  -0.34099000
 0.24784000  -0.34368000
 0.25730000  -0.34621000
 0.26671000  -0.34843000
 0.27614000  -0.35014000
 0.28565000  -0.35174000
 0.29518000  -0.35313000
 0.30488000  -0.35418000
 0.31457000  -0.35502000
 0.32427000  -0.35547000
 0.33394000  -0.35572000
 0.34346000  -0.35566000
 0.35284000  -0.35538000
 0.36198000  -0.35490000
 0.37083000  -0.35412000
 0.37943000  -0.35308000
 0.38782000  -0.35211000
 0.39594000  -0.35098000
 0.40389000  -0.34944000
 0.41170000  -0.34774000
 0.41935000  -0.34614000
 0.42679000  -0.34458000
 0.43397000  -0.34278000
 0.44092000  -0.34070000
 0.44768000  -0.33851000
 0.45442000  -0.33657000
 0.46106000  -0.33459000
 0.46761000  -0.33215000
 0.47431000  -0.32963000
 0.48124000  -0.32720000
 0.48833000  -0.32441000
 0.49565000  -0.32126000
 0.50324000  -0.31799000
 0.51108000  -0.31472000
 0.51904000  -0.31106000
 0.52733000  -0.30703000
 0.53615000  -0.30286000
 0.54545000  -0.29818000
 0.55533000  -0.29310000
 0.56568000  -0.28776000
 0.57635000  -0.28189000
 0.58761000  -0.27576000
 0.59923000  -0.26931000
 0.61108000  -0.26262000
 0.62313000  -0.25565000
 0.63590000  -0.24835000
 0.64992000  -0.24038000
 0.66521000  -0.23178000
 0.68146000  -0.22281000
 0.69803000  -0.21390000
 0.71466000  -0.20551000
 0.73115000  -0.19763000
 0.74714000  -0.19039000
 0.76268000  -0.18403000
 0.77795000  -0.17840000
 0.79298000  -0.17341000
 0.80769000  -0.16901000
 0.82208000  -0.16523000
 0.83617000  -0.16205000
 0.85001000  -0.15948000
 0.86372000  -0.15752000
 0.87731000  -0.15611000
 0.89089000  -0.15532000
 0.90457000  -0.15516000
 0.91856000  -0.15564000
 0.93292000  -0.15663000
 0.94759000  -0.15842000
 0.96342000  -0.16171000
 0.98252000  -0.16695000
 1.00000000  -0.17336000
