FB80_FB70_blend_t77.8
       201   NumCoords         ! Number of coordinates including the reference point.
! x-y coordinate of airfoil reference
0.25        0
! coordinates of airfoil shape
 1.00000000   0.19044000
 0.97861000   0.19996000
 0.95462000   0.20900000
 0.93298000   0.21639000
 0.91237000   0.22329000
 0.89286000   0.22989000
 0.87373000   0.23628000
 0.85417000   0.24290000
 0.83357000   0.24994000
 0.81205000   0.25737000
 0.79038000   0.26486000
 0.76942000   0.27201000
 0.75002000   0.27864000
 0.73218000   0.28500000
 0.71444000   0.29100000
 0.69538000   0.29770000
 0.67439000   0.30491000
 0.65229000   0.31258000
 0.62979000   0.32049000
 0.60749000   0.32802000
 0.58662000   0.33508000
 0.56776000   0.34132000
 0.55090000   0.34662000
 0.53576000   0.35162000
 0.52132000   0.35599000
 0.50758000   0.36014000
 0.49481000   0.36382000
 0.48286000   0.36715000
 0.47159000   0.37023000
 0.46059000   0.37290000
 0.44983000   0.37562000
 0.43890000   0.37783000
 0.42767000   0.38019000
 0.41605000   0.38245000
 0.40395000   0.38441000
 0.39149000   0.38632000
 0.37878000   0.38788000
 0.36567000   0.38908000
 0.35236000   0.38997000
 0.33904000   0.39062000
 0.32587000   0.39070000
 0.31271000   0.39041000
 0.29977000   0.38969000
 0.28707000   0.38865000
 0.27473000   0.38704000
 0.26250000   0.38493000
 0.25051000   0.38259000
 0.23892000   0.37975000
 0.22750000   0.37642000
 0.21631000   0.37279000
 0.20545000   0.36868000
 0.19473000   0.36420000
 0.18433000   0.35944000
 0.17422000   0.35419000
 0.16435000   0.34852000
 0.15470000   0.34238000
 0.14520000   0.33589000
 0.13595000   0.32901000
 0.12693000   0.32173000
 0.11815000   0.31403000
 0.10955000   0.30600000
 0.10129000   0.29759000
 0.09327000   0.28873000
 0.08553000   0.27950000
 0.07802000   0.26986000
 0.07074000   0.25993000
 0.06392000   0.24968000
 0.05743000   0.23889000
 0.05119000   0.22775000
 0.04531000   0.21619000
 0.03965000   0.20427000
 0.03448000   0.19210000
 0.02964000   0.17942000
 0.02513000   0.16650000
 0.02095000   0.15327000
 0.01729000   0.13985000
 0.01400000   0.12613000
 0.01110000   0.11239000
 0.00867000   0.09859000
 0.00647000   0.08498000
 0.00473000   0.07171000
 0.00352000   0.05888000
 0.00285000   0.04601000
 0.00225000   0.03278000
 0.00173000   0.01927000
 0.00123000   0.00562000
 0.00093000  -0.00803000
 0.00135000  -0.02154000
 0.00215000  -0.03549000
 0.00329000  -0.04984000
 0.00467000  -0.06445000
 0.00634000  -0.07899000
 0.00845000  -0.09317000
 0.01116000  -0.10717000
 0.01440000  -0.12100000
 0.01796000  -0.13465000
 0.02195000  -0.14799000
 0.02624000  -0.16096000
 0.03095000  -0.17350000
 0.03608000  -0.18567000
 0.04162000  -0.19749000
 0.04740000  -0.20903000
 0.05348000  -0.22005000
 0.05999000  -0.23072000
 0.06668000  -0.24106000
 0.07362000  -0.25091000
 0.08079000  -0.26041000
 0.08812000  -0.26942000
 0.09570000  -0.27800000
 0.10336000  -0.28622000
 0.11111000  -0.29391000
 0.11903000  -0.30120000
 0.12686000  -0.30814000
 0.13478000  -0.31458000
 0.14261000  -0.32069000
 0.15042000  -0.32623000
 0.15817000  -0.33154000
 0.16580000  -0.33657000
 0.17364000  -0.34112000
 0.18152000  -0.34569000
 0.18953000  -0.35002000
 0.19789000  -0.35405000
 0.20641000  -0.35799000
 0.21494000  -0.36177000
 0.22355000  -0.36509000
 0.23231000  -0.36815000
 0.24104000  -0.37113000
 0.24980000  -0.37375000
 0.25862000  -0.37608000
 0.26738000  -0.37823000
 0.27596000  -0.38009000
 0.28447000  -0.38146000
 0.29291000  -0.38273000
 0.30123000  -0.38386000
 0.30954000  -0.38456000
 0.31786000  -0.38520000
 0.32610000  -0.38563000
 0.33437000  -0.38563000
 0.34268000  -0.38557000
 0.35094000  -0.38537000
 0.35916000  -0.38488000
 0.36729000  -0.38426000
 0.37523000  -0.38336000
 0.38304000  -0.38217000
 0.39080000  -0.38106000
 0.39847000  -0.37989000
 0.40602000  -0.37836000
 0.41351000  -0.37653000
 0.42095000  -0.37466000
 0.42836000  -0.37292000
 0.43567000  -0.37097000
 0.44293000  -0.36861000
 0.45022000  -0.36612000
 0.45745000  -0.36367000
 0.46450000  -0.36123000
 0.47128000  -0.35858000
 0.47790000  -0.35580000
 0.48451000  -0.35323000
 0.49103000  -0.35058000
 0.49741000  -0.34748000
 0.50394000  -0.34434000
 0.51078000  -0.34131000
 0.51779000  -0.33791000
 0.52510000  -0.33408000
 0.53287000  -0.33010000
 0.54100000  -0.32589000
 0.54936000  -0.32133000
 0.55801000  -0.31645000
 0.56705000  -0.31145000
 0.57634000  -0.30604000
 0.58587000  -0.30032000
 0.59567000  -0.29462000
 0.60558000  -0.28858000
 0.61591000  -0.28236000
 0.62672000  -0.27565000
 0.63846000  -0.26841000
 0.65143000  -0.26063000
 0.66538000  -0.25221000
 0.68044000  -0.24338000
 0.69603000  -0.23439000
 0.71191000  -0.22582000
 0.72796000  -0.21760000
 0.74369000  -0.20994000
 0.75905000  -0.20311000
 0.77427000  -0.19705000
 0.78932000  -0.19163000
 0.80412000  -0.18677000
 0.81857000  -0.18258000
 0.83279000  -0.17899000
 0.84672000  -0.17609000
 0.86059000  -0.17379000
 0.87430000  -0.17209000
 0.88805000  -0.17102000
 0.90187000  -0.17062000
 0.91609000  -0.17092000
 0.93070000  -0.17170000
 0.94560000  -0.17334000
 0.96176000  -0.17656000
 0.98144000  -0.18185000
 1.00000000  -0.18867000
