FB90_FB80_blend_t89.2
       301   NumCoords         ! Number of coordinates including the reference point.
! x-y coordinate of airfoil reference
0.25        0
! coordinates of airfoil shape
 1.00000000   0.16304000
 0.98381000   0.17763000
 0.96570000   0.19206000
 0.95030000   0.20350000
 0.93665000   0.21340000
 0.92436000   0.22205000
 0.91329000   0.22994000
 0.90308000   0.23695000
 0.89357000   0.24357000
 0.88431000   0.24968000
 0.87554000   0.25568000
 0.86709000   0.26122000
 0.85906000   0.26661000
 0.85119000   0.27161000
 0.84366000   0.27667000
 0.83607000   0.28141000
 0.82852000   0.28618000
 0.82085000   0.29080000
 0.81317000   0.29557000
 0.80532000   0.30030000
 0.79734000   0.30513000
 0.78908000   0.30985000
 0.78064000   0.31494000
 0.77163000   0.32004000
 0.76209000   0.32531000
 0.75211000   0.33095000
 0.74161000   0.33663000
 0.73072000   0.34235000
 0.71966000   0.34807000
 0.70860000   0.35366000
 0.69776000   0.35913000
 0.68710000   0.36434000
 0.67657000   0.36924000
 0.66603000   0.37417000
 0.65514000   0.37896000
 0.64413000   0.38376000
 0.63317000   0.38850000
 0.62217000   0.39293000
 0.61134000   0.39717000
 0.60068000   0.40126000
 0.59010000   0.40506000
 0.57973000   0.40892000
 0.56947000   0.41242000
 0.55940000   0.41559000
 0.54959000   0.41878000
 0.53993000   0.42173000
 0.53045000   0.42433000
 0.52119000   0.42705000
 0.51192000   0.42946000
 0.50277000   0.43164000
 0.49382000   0.43368000
 0.48516000   0.43560000
 0.47669000   0.43708000
 0.46839000   0.43871000
 0.46014000   0.44008000
 0.45196000   0.44133000
 0.44388000   0.44245000
 0.43593000   0.44348000
 0.42811000   0.44436000
 0.42042000   0.44505000
 0.41278000   0.44553000
 0.40525000   0.44603000
 0.39788000   0.44633000
 0.39067000   0.44655000
 0.38354000   0.44666000
 0.37632000   0.44651000
 0.36896000   0.44652000
 0.36150000   0.44631000
 0.35394000   0.44571000
 0.34624000   0.44512000
 0.33847000   0.44451000
 0.33068000   0.44366000
 0.32288000   0.44265000
 0.31510000   0.44146000
 0.30734000   0.44003000
 0.29964000   0.43863000
 0.29208000   0.43683000
 0.28453000   0.43501000
 0.27708000   0.43305000
 0.26970000   0.43099000
 0.26248000   0.42866000
 0.25537000   0.42626000
 0.24841000   0.42382000
 0.24169000   0.42108000
 0.23508000   0.41840000
 0.22868000   0.41557000
 0.22243000   0.41272000
 0.21633000   0.40978000
 0.21038000   0.40677000
 0.20464000   0.40356000
 0.19898000   0.40043000
 0.19355000   0.39717000
 0.18823000   0.39387000
 0.18298000   0.39053000
 0.17786000   0.38703000
 0.17283000   0.38351000
 0.16789000   0.38000000
 0.16318000   0.37626000
 0.15846000   0.37266000
 0.15391000   0.36894000
 0.14942000   0.36514000
 0.14491000   0.36127000
 0.14045000   0.35720000
 0.13598000   0.35305000
 0.13157000   0.34878000
 0.12717000   0.34447000
 0.12291000   0.34001000
 0.11871000   0.33552000
 0.11465000   0.33095000
 0.11056000   0.32649000
 0.10670000   0.32187000
 0.10285000   0.31719000
 0.09905000   0.31239000
 0.09531000   0.30748000
 0.09149000   0.30257000
 0.08785000   0.29743000
 0.08413000   0.29220000
 0.08049000   0.28680000
 0.07702000   0.28118000
 0.07338000   0.27554000
 0.06986000   0.26961000
 0.06628000   0.26345000
 0.06271000   0.25700000
 0.05909000   0.25028000
 0.05551000   0.24328000
 0.05193000   0.23603000
 0.04832000   0.22854000
 0.04485000   0.22075000
 0.04147000   0.21273000
 0.03809000   0.20450000
 0.03478000   0.19591000
 0.03155000   0.18696000
 0.02836000   0.17771000
 0.02531000   0.16810000
 0.02242000   0.15823000
 0.01956000   0.14816000
 0.01688000   0.13789000
 0.01442000   0.12744000
 0.01204000   0.11680000
 0.00990000   0.10597000
 0.00806000   0.09505000
 0.00649000   0.08415000
 0.00522000   0.07339000
 0.00413000   0.06284000
 0.00323000   0.05249000
 0.00241000   0.04234000
 0.00166000   0.03248000
 0.00104000   0.02293000
 0.00067000   0.01370000
 0.00033000   0.00458000
 0.00034000  -0.00460000
 0.00066000  -0.01387000
 0.00101000  -0.02344000
 0.00151000  -0.03334000
 0.00217000  -0.04349000
 0.00285000  -0.05375000
 0.00379000  -0.06405000
 0.00485000  -0.07441000
 0.00619000  -0.08476000
 0.00773000  -0.09503000
 0.00949000  -0.10507000
 0.01141000  -0.11491000
 0.01348000  -0.12454000
 0.01569000  -0.13394000
 0.01795000  -0.14315000
 0.02044000  -0.15207000
 0.02294000  -0.16093000
 0.02563000  -0.16974000
 0.02852000  -0.17841000
 0.03148000  -0.18700000
 0.03475000  -0.19550000
 0.03808000  -0.20390000
 0.04156000  -0.21213000
 0.04513000  -0.22027000
 0.04903000  -0.22831000
 0.05295000  -0.23627000
 0.05703000  -0.24404000
 0.06117000  -0.25165000
 0.06534000  -0.25906000
 0.06962000  -0.26620000
 0.07397000  -0.27308000
 0.07827000  -0.27972000
 0.08263000  -0.28610000
 0.08702000  -0.29223000
 0.09139000  -0.29816000
 0.09585000  -0.30390000
 0.10038000  -0.30946000
 0.10488000  -0.31503000
 0.10966000  -0.32044000
 0.11452000  -0.32587000
 0.11952000  -0.33122000
 0.12458000  -0.33656000
 0.12984000  -0.34174000
 0.13523000  -0.34682000
 0.14070000  -0.35185000
 0.14629000  -0.35682000
 0.15208000  -0.36168000
 0.15796000  -0.36654000
 0.16399000  -0.37124000
 0.17017000  -0.37576000
 0.17637000  -0.38022000
 0.18257000  -0.38460000
 0.18890000  -0.38871000
 0.19525000  -0.39266000
 0.20152000  -0.39648000
 0.20777000  -0.39999000
 0.21395000  -0.40331000
 0.21991000  -0.40665000
 0.22597000  -0.40958000
 0.23199000  -0.41235000
 0.23783000  -0.41519000
 0.24371000  -0.41775000
 0.24960000  -0.42020000
 0.25552000  -0.42247000
 0.26143000  -0.42458000
 0.26725000  -0.42672000
 0.27299000  -0.42878000
 0.27879000  -0.43054000
 0.28457000  -0.43211000
 0.29026000  -0.43371000
 0.29596000  -0.43517000
 0.30169000  -0.43654000
 0.30744000  -0.43796000
 0.31329000  -0.43906000
 0.31918000  -0.44016000
 0.32515000  -0.44127000
 0.33123000  -0.44218000
 0.33737000  -0.44295000
 0.34357000  -0.44354000
 0.34977000  -0.44410000
 0.35595000  -0.44464000
 0.36207000  -0.44508000
 0.36813000  -0.44516000
 0.37416000  -0.44551000
 0.38026000  -0.44555000
 0.38651000  -0.44544000
 0.39290000  -0.44526000
 0.39942000  -0.44488000
 0.40607000  -0.44448000
 0.41279000  -0.44393000
 0.41958000  -0.44321000
 0.42642000  -0.44246000
 0.43323000  -0.44155000
 0.43999000  -0.44036000
 0.44678000  -0.43930000
 0.45352000  -0.43806000
 0.46019000  -0.43646000
 0.46692000  -0.43495000
 0.47364000  -0.43326000
 0.48036000  -0.43151000
 0.48704000  -0.42973000
 0.49365000  -0.42767000
 0.50028000  -0.42563000
 0.50687000  -0.42328000
 0.51356000  -0.42098000
 0.52027000  -0.41868000
 0.52687000  -0.41593000
 0.53358000  -0.41317000
 0.54041000  -0.41055000
 0.54720000  -0.40753000
 0.55404000  -0.40429000
 0.56104000  -0.40118000
 0.56803000  -0.39780000
 0.57518000  -0.39436000
 0.58238000  -0.39057000
 0.58981000  -0.38665000
 0.59746000  -0.38255000
 0.60528000  -0.37828000
 0.61314000  -0.37371000
 0.62114000  -0.36903000
 0.62921000  -0.36404000
 0.63764000  -0.35902000
 0.64620000  -0.35353000
 0.65507000  -0.34784000
 0.66420000  -0.34183000
 0.67351000  -0.33539000
 0.68314000  -0.32875000
 0.69312000  -0.32188000
 0.70348000  -0.31446000
 0.71457000  -0.30655000
 0.72625000  -0.29803000
 0.73843000  -0.28903000
 0.75118000  -0.27962000
 0.76474000  -0.26977000
 0.77891000  -0.25948000
 0.79322000  -0.24914000
 0.80739000  -0.23924000
 0.82132000  -0.22998000
 0.83506000  -0.22104000
 0.84871000  -0.21241000
 0.86230000  -0.20434000
 0.87565000  -0.19671000
 0.88917000  -0.18970000
 0.90286000  -0.18318000
 0.91681000  -0.17728000
 0.93117000  -0.17214000
 0.94598000  -0.16753000
 0.96178000  -0.16384000
 0.98105000  -0.16161000
 1.00000000  -0.16172000
