FB90_FB80_blend_t83.5
       301   NumCoords         ! Number of coordinates including the reference point.
! x-y coordinate of airfoil reference
0.25        0
! coordinates of airfoil shape
 1.00000000   0.18319000
 0.98398000   0.19315000
 0.96553000   0.20352000
 0.94873000   0.21187000
 0.93338000   0.21946000
 0.91936000   0.22623000
 0.90656000   0.23230000
 0.89494000   0.23796000
 0.88384000   0.24313000
 0.87314000   0.24817000
 0.86281000   0.25304000
 0.85277000   0.25769000
 0.84308000   0.26218000
 0.83361000   0.26665000
 0.82417000   0.27102000
 0.81468000   0.27526000
 0.80514000   0.27963000
 0.79543000   0.28402000
 0.78554000   0.28839000
 0.77539000   0.29292000
 0.76483000   0.29752000
 0.75398000   0.30218000
 0.74312000   0.30696000
 0.73227000   0.31166000
 0.72125000   0.31616000
 0.71010000   0.32092000
 0.69877000   0.32563000
 0.68736000   0.33027000
 0.67593000   0.33485000
 0.66433000   0.33946000
 0.65242000   0.34413000
 0.64042000   0.34889000
 0.62841000   0.35344000
 0.61644000   0.35784000
 0.60464000   0.36208000
 0.59303000   0.36618000
 0.58166000   0.37026000
 0.57045000   0.37403000
 0.55942000   0.37756000
 0.54862000   0.38100000
 0.53812000   0.38432000
 0.52798000   0.38749000
 0.51799000   0.39033000
 0.50829000   0.39304000
 0.49896000   0.39559000
 0.49001000   0.39780000
 0.48132000   0.39993000
 0.47282000   0.40203000
 0.46445000   0.40385000
 0.45625000   0.40552000
 0.44823000   0.40719000
 0.44035000   0.40865000
 0.43255000   0.40980000
 0.42483000   0.41100000
 0.41722000   0.41216000
 0.40969000   0.41311000
 0.40222000   0.41397000
 0.39466000   0.41463000
 0.38699000   0.41538000
 0.37924000   0.41596000
 0.37136000   0.41628000
 0.36340000   0.41652000
 0.35541000   0.41667000
 0.34742000   0.41662000
 0.33945000   0.41648000
 0.33154000   0.41620000
 0.32372000   0.41578000
 0.31600000   0.41505000
 0.30831000   0.41429000
 0.30070000   0.41342000
 0.29319000   0.41237000
 0.28576000   0.41112000
 0.27842000   0.40983000
 0.27126000   0.40836000
 0.26423000   0.40669000
 0.25734000   0.40489000
 0.25057000   0.40299000
 0.24393000   0.40104000
 0.23741000   0.39903000
 0.23107000   0.39677000
 0.22483000   0.39441000
 0.21874000   0.39194000
 0.21273000   0.38943000
 0.20681000   0.38679000
 0.20098000   0.38402000
 0.19525000   0.38117000
 0.18965000   0.37816000
 0.18410000   0.37515000
 0.17867000   0.37205000
 0.17332000   0.36883000
 0.16803000   0.36544000
 0.16276000   0.36192000
 0.15754000   0.35827000
 0.15238000   0.35450000
 0.14731000   0.35058000
 0.14230000   0.34656000
 0.13739000   0.34246000
 0.13253000   0.33833000
 0.12782000   0.33404000
 0.12311000   0.32967000
 0.11849000   0.32513000
 0.11387000   0.32051000
 0.10935000   0.31571000
 0.10483000   0.31081000
 0.10036000   0.30575000
 0.09601000   0.30049000
 0.09164000   0.29510000
 0.08731000   0.28949000
 0.08299000   0.28366000
 0.07870000   0.27760000
 0.07443000   0.27134000
 0.07021000   0.26488000
 0.06600000   0.25828000
 0.06192000   0.25147000
 0.05799000   0.24444000
 0.05411000   0.23722000
 0.05032000   0.22977000
 0.04662000   0.22213000
 0.04303000   0.21428000
 0.03958000   0.20624000
 0.03619000   0.19809000
 0.03297000   0.18984000
 0.03000000   0.18147000
 0.02713000   0.17303000
 0.02439000   0.16454000
 0.02182000   0.15600000
 0.01941000   0.14747000
 0.01721000   0.13900000
 0.01527000   0.13054000
 0.01347000   0.12216000
 0.01182000   0.11393000
 0.01031000   0.10587000
 0.00898000   0.09803000
 0.00783000   0.09039000
 0.00673000   0.08301000
 0.00575000   0.07591000
 0.00491000   0.06906000
 0.00421000   0.06248000
 0.00358000   0.05614000
 0.00309000   0.04999000
 0.00276000   0.04400000
 0.00255000   0.03808000
 0.00236000   0.03195000
 0.00216000   0.02551000
 0.00203000   0.01874000
 0.00192000   0.01162000
 0.00178000   0.00418000
 0.00164000  -0.00352000
 0.00159000  -0.01146000
 0.00161000  -0.01959000
 0.00181000  -0.02789000
 0.00233000  -0.03642000
 0.00295000  -0.04522000
 0.00363000  -0.05417000
 0.00452000  -0.06324000
 0.00551000  -0.07241000
 0.00661000  -0.08163000
 0.00783000  -0.09081000
 0.00913000  -0.09989000
 0.01072000  -0.10884000
 0.01245000  -0.11775000
 0.01438000  -0.12662000
 0.01651000  -0.13541000
 0.01872000  -0.14416000
 0.02116000  -0.15287000
 0.02375000  -0.16151000
 0.02649000  -0.17005000
 0.02933000  -0.17850000
 0.03246000  -0.18686000
 0.03572000  -0.19515000
 0.03921000  -0.20332000
 0.04284000  -0.21138000
 0.04659000  -0.21932000
 0.05042000  -0.22709000
 0.05443000  -0.23463000
 0.05857000  -0.24199000
 0.06283000  -0.24917000
 0.06715000  -0.25615000
 0.07154000  -0.26291000
 0.07603000  -0.26947000
 0.08059000  -0.27585000
 0.08525000  -0.28210000
 0.09007000  -0.28822000
 0.09505000  -0.29420000
 0.10010000  -0.30011000
 0.10523000  -0.30587000
 0.11049000  -0.31145000
 0.11588000  -0.31686000
 0.12134000  -0.32215000
 0.12686000  -0.32734000
 0.13250000  -0.33240000
 0.13823000  -0.33730000
 0.14407000  -0.34203000
 0.14999000  -0.34659000
 0.15594000  -0.35104000
 0.16186000  -0.35539000
 0.16786000  -0.35947000
 0.17397000  -0.36332000
 0.18004000  -0.36714000
 0.18612000  -0.37084000
 0.19226000  -0.37435000
 0.19845000  -0.37763000
 0.20469000  -0.38077000
 0.21087000  -0.38384000
 0.21700000  -0.38682000
 0.22324000  -0.38949000
 0.22955000  -0.39199000
 0.23586000  -0.39445000
 0.24213000  -0.39686000
 0.24835000  -0.39909000
 0.25461000  -0.40106000
 0.26084000  -0.40288000
 0.26701000  -0.40466000
 0.27317000  -0.40631000
 0.27935000  -0.40779000
 0.28554000  -0.40908000
 0.29174000  -0.41022000
 0.29791000  -0.41142000
 0.30412000  -0.41245000
 0.31042000  -0.41324000
 0.31678000  -0.41394000
 0.32314000  -0.41459000
 0.32950000  -0.41508000
 0.33586000  -0.41538000
 0.34220000  -0.41558000
 0.34850000  -0.41574000
 0.35478000  -0.41583000
 0.36113000  -0.41562000
 0.36756000  -0.41539000
 0.37402000  -0.41503000
 0.38054000  -0.41445000
 0.38712000  -0.41373000
 0.39373000  -0.41300000
 0.40031000  -0.41220000
 0.40682000  -0.41124000
 0.41325000  -0.41003000
 0.41967000  -0.40869000
 0.42607000  -0.40742000
 0.43242000  -0.40609000
 0.43869000  -0.40456000
 0.44489000  -0.40289000
 0.45102000  -0.40107000
 0.45710000  -0.39920000
 0.46312000  -0.39739000
 0.46905000  -0.39550000
 0.47487000  -0.39349000
 0.48056000  -0.39133000
 0.48619000  -0.38916000
 0.49185000  -0.38713000
 0.49744000  -0.38496000
 0.50289000  -0.38247000
 0.50842000  -0.37992000
 0.51415000  -0.37750000
 0.51997000  -0.37501000
 0.52585000  -0.37213000
 0.53191000  -0.36906000
 0.53822000  -0.36599000
 0.54473000  -0.36274000
 0.55146000  -0.35927000
 0.55834000  -0.35554000
 0.56549000  -0.35159000
 0.57303000  -0.34747000
 0.58089000  -0.34300000
 0.58908000  -0.33812000
 0.59777000  -0.33297000
 0.60702000  -0.32740000
 0.61683000  -0.32137000
 0.62712000  -0.31495000
 0.63778000  -0.30805000
 0.64891000  -0.30089000
 0.66026000  -0.29360000
 0.67176000  -0.28615000
 0.68369000  -0.27848000
 0.69600000  -0.27055000
 0.70851000  -0.26256000
 0.72113000  -0.25479000
 0.73377000  -0.24716000
 0.74639000  -0.23975000
 0.75879000  -0.23270000
 0.77104000  -0.22613000
 0.78311000  -0.21997000
 0.79498000  -0.21424000
 0.80663000  -0.20892000
 0.81801000  -0.20399000
 0.82918000  -0.19947000
 0.84003000  -0.19532000
 0.85070000  -0.19165000
 0.86124000  -0.18830000
 0.87157000  -0.18530000
 0.88185000  -0.18272000
 0.89207000  -0.18045000
 0.90231000  -0.17858000
 0.91268000  -0.17707000
 0.92319000  -0.17584000
 0.93390000  -0.17495000
 0.94488000  -0.17448000
 0.95650000  -0.17474000
 0.96934000  -0.17577000
 0.98491000  -0.17801000
 1.00000000  -0.18158000
