FFA-W3-241_FFA-W3-211_blend_t22.8
       122   NumCoords         ! Number of coordinates including the reference point.
! x-y coordinate of airfoil reference
0.25        0
! coordinates of airfoil shape
 3.00000000  -241.00000000
 1.00000000   0.00282000
 0.98880000   0.00494000
 0.96963000   0.00853000
 0.94777000   0.01268000
 0.92364000   0.01736000
 0.89788000   0.02249000
 0.87105000   0.02795000
 0.84355000   0.03365000
 0.81567000   0.03953000
 0.78758000   0.04555000
 0.75928000   0.05170000
 0.73088000   0.05791000
 0.70249000   0.06412000
 0.67424000   0.07025000
 0.64624000   0.07625000
 0.61855000   0.08206000
 0.59119000   0.08761000
 0.56410000   0.09287000
 0.53725000   0.09782000
 0.51067000   0.10245000
 0.48442000   0.10670000
 0.45853000   0.11053000
 0.43301000   0.11391000
 0.40792000   0.11679000
 0.38326000   0.11914000
 0.35909000   0.12092000
 0.33544000   0.12209000
 0.31233000   0.12260000
 0.28969000   0.12243000
 0.26751000   0.12156000
 0.24581000   0.11999000
 0.22459000   0.11772000
 0.20392000   0.11478000
 0.18393000   0.11119000
 0.16473000   0.10702000
 0.14649000   0.10233000
 0.12935000   0.09722000
 0.11347000   0.09181000
 0.09896000   0.08623000
 0.08587000   0.08059000
 0.07418000   0.07502000
 0.06383000   0.06957000
 0.05472000   0.06431000
 0.04670000   0.05924000
 0.03966000   0.05439000
 0.03347000   0.04973000
 0.02803000   0.04527000
 0.02325000   0.04099000
 0.01906000   0.03685000
 0.01537000   0.03284000
 0.01215000   0.02896000
 0.00934000   0.02521000
 0.00695000   0.02156000
 0.00495000   0.01797000
 0.00331000   0.01443000
 0.00200000   0.01098000
 0.00101000   0.00764000
 0.00034000   0.00442000
 0.00003000   0.00128000
 0.00009000  -0.00186000
 0.00053000  -0.00503000
 0.00143000  -0.00823000
 0.00282000  -0.01142000
 0.00470000  -0.01459000
 0.00699000  -0.01774000
 0.00966000  -0.02091000
 0.01273000  -0.02410000
 0.01623000  -0.02735000
 0.02018000  -0.03067000
 0.02464000  -0.03410000
 0.02966000  -0.03767000
 0.03532000  -0.04140000
 0.04172000  -0.04531000
 0.04900000  -0.04943000
 0.05729000  -0.05379000
 0.06673000  -0.05840000
 0.07749000  -0.06323000
 0.08969000  -0.06826000
 0.10343000  -0.07341000
 0.11870000  -0.07856000
 0.13541000  -0.08358000
 0.15341000  -0.08831000
 0.17249000  -0.09263000
 0.19244000  -0.09643000
 0.21308000  -0.09963000
 0.23427000  -0.10219000
 0.25589000  -0.10408000
 0.27780000  -0.10529000
 0.29991000  -0.10581000
 0.32216000  -0.10561000
 0.34452000  -0.10469000
 0.36699000  -0.10306000
 0.38956000  -0.10071000
 0.41224000  -0.09764000
 0.43508000  -0.09386000
 0.45810000  -0.08936000
 0.48143000  -0.08410000
 0.50530000  -0.07809000
 0.52981000  -0.07140000
 0.55501000  -0.06410000
 0.58080000  -0.05633000
 0.60701000  -0.04829000
 0.63314000  -0.04030000
 0.65868000  -0.03270000
 0.68351000  -0.02567000
 0.70774000  -0.01930000
 0.73147000  -0.01360000
 0.75475000  -0.00860000
 0.77760000  -0.00435000
 0.80015000  -0.00088000
 0.82256000   0.00184000
 0.84483000   0.00385000
 0.86687000   0.00516000
 0.88858000   0.00575000
 0.90988000   0.00559000
 0.93074000   0.00470000
 0.95105000   0.00314000
 0.97057000   0.00106000
 0.98884000  -0.00119000
 1.00000000  -0.00264000
