FFA-W3-241_FFA-W3-211_blend_t23.1
       122   NumCoords         ! Number of coordinates including the reference point.
! x-y coordinate of airfoil reference
0.25        0
! coordinates of airfoil shape
 3.00000000  -241.00000000
 1.00000000   0.00303000
 0.98864000   0.00520000
 0.96923000   0.00890000
 0.94710000   0.01315000
 0.92269000   0.01793000
 0.89660000   0.02317000
 0.86940000   0.02874000
 0.84149000   0.03457000
 0.81318000   0.04057000
 0.78463000   0.04672000
 0.75587000   0.05298000
 0.72702000   0.05930000
 0.69823000   0.06559000
 0.66962000   0.07179000
 0.64127000   0.07784000
 0.61325000   0.08367000
 0.58558000   0.08923000
 0.55818000   0.09449000
 0.53104000   0.09942000
 0.50421000   0.10401000
 0.47773000   0.10821000
 0.45163000   0.11196000
 0.42594000   0.11524000
 0.40069000   0.11800000
 0.37592000   0.12021000
 0.35166000   0.12183000
 0.32796000   0.12282000
 0.30480000   0.12314000
 0.28214000   0.12276000
 0.25999000   0.12169000
 0.23835000   0.11990000
 0.21726000   0.11743000
 0.19682000   0.11430000
 0.17714000   0.11055000
 0.15837000   0.10625000
 0.14064000   0.10146000
 0.12410000   0.09631000
 0.10886000   0.09092000
 0.09501000   0.08540000
 0.08255000   0.07987000
 0.07144000   0.07441000
 0.06159000   0.06908000
 0.05289000   0.06393000
 0.04523000   0.05896000
 0.03846000   0.05419000
 0.03249000   0.04960000
 0.02722000   0.04518000
 0.02258000   0.04093000
 0.01850000   0.03680000
 0.01491000   0.03279000
 0.01175000   0.02890000
 0.00901000   0.02513000
 0.00667000   0.02145000
 0.00472000   0.01782000
 0.00313000   0.01425000
 0.00187000   0.01075000
 0.00092000   0.00737000
 0.00029000   0.00411000
 0.00001000   0.00093000
 0.00011000  -0.00227000
 0.00060000  -0.00549000
 0.00153000  -0.00874000
 0.00298000  -0.01198000
 0.00489000  -0.01520000
 0.00721000  -0.01841000
 0.00990000  -0.02164000
 0.01299000  -0.02490000
 0.01650000  -0.02820000
 0.02047000  -0.03158000
 0.02492000  -0.03507000
 0.02993000  -0.03868000
 0.03555000  -0.04245000
 0.04190000  -0.04640000
 0.04908000  -0.05054000
 0.05722000  -0.05492000
 0.06646000  -0.05953000
 0.07694000  -0.06435000
 0.08881000  -0.06936000
 0.10215000  -0.07450000
 0.11698000  -0.07965000
 0.13325000  -0.08468000
 0.15084000  -0.08947000
 0.16957000  -0.09386000
 0.18923000  -0.09776000
 0.20966000  -0.10107000
 0.23069000  -0.10374000
 0.25222000  -0.10574000
 0.27410000  -0.10705000
 0.29621000  -0.10767000
 0.31850000  -0.10755000
 0.34093000  -0.10672000
 0.36349000  -0.10515000
 0.38616000  -0.10285000
 0.40896000  -0.09982000
 0.43192000  -0.09607000
 0.45508000  -0.09157000
 0.47853000  -0.08632000
 0.50250000  -0.08029000
 0.52711000  -0.07355000
 0.55240000  -0.06617000
 0.57834000  -0.05828000
 0.60475000  -0.05005000
 0.63116000  -0.04184000
 0.65699000  -0.03399000
 0.68206000  -0.02673000
 0.70648000  -0.02015000
 0.73036000  -0.01427000
 0.75374000  -0.00913000
 0.77667000  -0.00475000
 0.79929000  -0.00119000
 0.82175000   0.00161000
 0.84408000   0.00367000
 0.86618000   0.00502000
 0.88794000   0.00565000
 0.90929000   0.00551000
 0.93021000   0.00462000
 0.95060000   0.00304000
 0.97024000   0.00095000
 0.98868000  -0.00135000
 1.00000000  -0.00282000
