FFA-W3-270blend_FFA-W3-241_blend_t26.6
       170   NumCoords         ! Number of coordinates including the reference point.
! x-y coordinate of airfoil reference
0.25        0
! coordinates of airfoil shape
 3.00000000  -270.00000000
 1.00000000   0.00618000
 0.99050000   0.00825000
 0.97495000   0.01162000
 0.95784000   0.01532000
 0.93928000   0.01932000
 0.91949000   0.02365000
 0.89870000   0.02826000
 0.87710000   0.03312000
 0.85488000   0.03817000
 0.83224000   0.04336000
 0.80944000   0.04861000
 0.78669000   0.05387000
 0.76413000   0.05908000
 0.74159000   0.06427000
 0.71893000   0.06946000
 0.69628000   0.07459000
 0.67377000   0.07961000
 0.65147000   0.08451000
 0.62928000   0.08929000
 0.60727000   0.09390000
 0.58540000   0.09836000
 0.56357000   0.10266000
 0.54187000   0.10677000
 0.52038000   0.11066000
 0.49912000   0.11431000
 0.47818000   0.11771000
 0.45756000   0.12081000
 0.43728000   0.12362000
 0.41736000   0.12611000
 0.39782000   0.12828000
 0.37868000   0.13012000
 0.35995000   0.13162000
 0.34167000   0.13278000
 0.32384000   0.13357000
 0.30645000   0.13401000
 0.28956000   0.13408000
 0.27314000   0.13380000
 0.25720000   0.13316000
 0.24177000   0.13217000
 0.22683000   0.13084000
 0.21242000   0.12921000
 0.19856000   0.12725000
 0.18525000   0.12501000
 0.17249000   0.12248000
 0.16029000   0.11971000
 0.14868000   0.11673000
 0.13763000   0.11354000
 0.12716000   0.11020000
 0.11727000   0.10673000
 0.10794000   0.10315000
 0.09918000   0.09950000
 0.09096000   0.09579000
 0.08327000   0.09206000
 0.07609000   0.08830000
 0.06938000   0.08456000
 0.06313000   0.08082000
 0.05731000   0.07712000
 0.05189000   0.07343000
 0.04686000   0.06978000
 0.04218000   0.06617000
 0.03785000   0.06258000
 0.03383000   0.05903000
 0.03008000   0.05555000
 0.02655000   0.05217000
 0.02329000   0.04886000
 0.02029000   0.04557000
 0.01754000   0.04231000
 0.01502000   0.03909000
 0.01272000   0.03591000
 0.01062000   0.03277000
 0.00871000   0.02966000
 0.00699000   0.02659000
 0.00548000   0.02355000
 0.00417000   0.02054000
 0.00306000   0.01755000
 0.00214000   0.01459000
 0.00138000   0.01167000
 0.00080000   0.00879000
 0.00037000   0.00597000
 0.00011000   0.00321000
 0.00000000   0.00051000
 0.00006000  -0.00218000
 0.00030000  -0.00490000
 0.00075000  -0.00766000
 0.00145000  -0.01046000
 0.00240000  -0.01328000
 0.00357000  -0.01612000
 0.00493000  -0.01896000
 0.00648000  -0.02183000
 0.00822000  -0.02472000
 0.01015000  -0.02764000
 0.01228000  -0.03058000
 0.01464000  -0.03354000
 0.01722000  -0.03652000
 0.02001000  -0.03956000
 0.02301000  -0.04266000
 0.02626000  -0.04580000
 0.02976000  -0.04900000
 0.03354000  -0.05227000
 0.03761000  -0.05561000
 0.04200000  -0.05902000
 0.04672000  -0.06251000
 0.05180000  -0.06610000
 0.05724000  -0.06980000
 0.06308000  -0.07357000
 0.06936000  -0.07740000
 0.07611000  -0.08129000
 0.08336000  -0.08521000
 0.09112000  -0.08915000
 0.09941000  -0.09310000
 0.10825000  -0.09703000
 0.11765000  -0.10091000
 0.12760000  -0.10469000
 0.13810000  -0.10836000
 0.14915000  -0.11187000
 0.16072000  -0.11519000
 0.17280000  -0.11828000
 0.18534000  -0.12113000
 0.19835000  -0.12369000
 0.21178000  -0.12593000
 0.22562000  -0.12785000
 0.23983000  -0.12944000
 0.25437000  -0.13066000
 0.26923000  -0.13152000
 0.28436000  -0.13200000
 0.29974000  -0.13209000
 0.31535000  -0.13179000
 0.33115000  -0.13108000
 0.34715000  -0.12996000
 0.36332000  -0.12844000
 0.37966000  -0.12650000
 0.39617000  -0.12413000
 0.41284000  -0.12134000
 0.42971000  -0.11812000
 0.44676000  -0.11447000
 0.46403000  -0.11037000
 0.48156000  -0.10582000
 0.49939000  -0.10081000
 0.51756000  -0.09534000
 0.53614000  -0.08940000
 0.55515000  -0.08303000
 0.57458000  -0.07626000
 0.59437000  -0.06917000
 0.61433000  -0.06191000
 0.63424000  -0.05465000
 0.65390000  -0.04757000
 0.67309000  -0.04082000
 0.69175000  -0.03451000
 0.70986000  -0.02869000
 0.72747000  -0.02336000
 0.74462000  -0.01854000
 0.76136000  -0.01422000
 0.77773000  -0.01040000
 0.79385000  -0.00712000
 0.80980000  -0.00432000
 0.82560000  -0.00196000
 0.84127000  -0.00005000
 0.85680000   0.00146000
 0.87216000   0.00254000
 0.88736000   0.00319000
 0.90242000   0.00337000
 0.91738000   0.00311000
 0.93225000   0.00240000
 0.94704000   0.00128000
 0.96172000  -0.00024000
 0.97627000  -0.00214000
 0.99062000  -0.00431000
 1.00000000  -0.00580000
