FFA-W3-241_FFA-W3-211_blend_t24.0
       122   NumCoords         ! Number of coordinates including the reference point.
! x-y coordinate of airfoil reference
0.25        0
! coordinates of airfoil shape
 3.00000000  -241.00000000
 1.00000000   0.00378000
 0.98797000   0.00619000
 0.96755000   0.01028000
 0.94434000   0.01494000
 0.91874000   0.02012000
 0.89131000   0.02579000
 0.86257000   0.03184000
 0.83297000   0.03815000
 0.80285000   0.04466000
 0.77238000   0.05132000
 0.74173000   0.05805000
 0.71114000   0.06475000
 0.68075000   0.07136000
 0.65065000   0.07779000
 0.62093000   0.08400000
 0.59160000   0.08991000
 0.56264000   0.09548000
 0.53404000   0.10070000
 0.50583000   0.10552000
 0.47804000   0.10990000
 0.45073000   0.11380000
 0.42392000   0.11718000
 0.39764000   0.12000000
 0.37194000   0.12223000
 0.34686000   0.12383000
 0.32244000   0.12477000
 0.29868000   0.12501000
 0.27558000   0.12454000
 0.25316000   0.12336000
 0.23146000   0.12148000
 0.21055000   0.11895000
 0.19055000   0.11579000
 0.17154000   0.11207000
 0.15363000   0.10787000
 0.13693000   0.10327000
 0.12148000   0.09837000
 0.10734000   0.09330000
 0.09450000   0.08814000
 0.08291000   0.08295000
 0.07249000   0.07781000
 0.06316000   0.07277000
 0.05482000   0.06784000
 0.04736000   0.06303000
 0.04069000   0.05836000
 0.03473000   0.05380000
 0.02940000   0.04938000
 0.02464000   0.04508000
 0.02041000   0.04087000
 0.01666000   0.03674000
 0.01334000   0.03269000
 0.01040000   0.02873000
 0.00785000   0.02485000
 0.00568000   0.02104000
 0.00391000   0.01725000
 0.00250000   0.01351000
 0.00140000   0.00984000
 0.00061000   0.00629000
 0.00013000   0.00285000
-0.00000000  -0.00054000
 0.00023000  -0.00396000
 0.00088000  -0.00741000
 0.00202000  -0.01088000
 0.00365000  -0.01433000
 0.00571000  -0.01777000
 0.00814000  -0.02122000
 0.01093000  -0.02469000
 0.01413000  -0.02817000
 0.01773000  -0.03170000
 0.02176000  -0.03529000
 0.02625000  -0.03898000
 0.03123000  -0.04278000
 0.03678000  -0.04671000
 0.04296000  -0.05078000
 0.04986000  -0.05502000
 0.05756000  -0.05945000
 0.06618000  -0.06406000
 0.07582000  -0.06884000
 0.08661000  -0.07377000
 0.09864000  -0.07880000
 0.11197000  -0.08388000
 0.12665000  -0.08890000
 0.14264000  -0.09375000
 0.15987000  -0.09831000
 0.17823000  -0.10247000
 0.19759000  -0.10612000
 0.21778000  -0.10917000
 0.23870000  -0.11158000
 0.26021000  -0.11329000
 0.28216000  -0.11429000
 0.30445000  -0.11455000
 0.32703000  -0.11403000
 0.34983000  -0.11276000
 0.37283000  -0.11070000
 0.39603000  -0.10786000
 0.41944000  -0.10424000
 0.44309000  -0.09982000
 0.46702000  -0.09461000
 0.49139000  -0.08856000
 0.51636000  -0.08170000
 0.54204000  -0.07407000
 0.56845000  -0.06577000
 0.59555000  -0.05693000
 0.62298000  -0.04788000
 0.64993000  -0.03910000
 0.67600000  -0.03093000
 0.70120000  -0.02354000
 0.72567000  -0.01695000
 0.74951000  -0.01122000
 0.77277000  -0.00636000
 0.79564000  -0.00241000
 0.81833000   0.00068000
 0.84088000   0.00297000
 0.86319000   0.00451000
 0.88517000   0.00526000
 0.90675000   0.00521000
 0.92795000   0.00434000
 0.94871000   0.00273000
 0.96886000   0.00055000
 0.98805000  -0.00190000
 1.00000000  -0.00348000
