FFA-W3-270blend_FFA-W3-241_blend_t26.2
       170   NumCoords         ! Number of coordinates including the reference point.
! x-y coordinate of airfoil reference
0.25        0
! coordinates of airfoil shape
 3.00000000  -270.00000000
 1.00000000   0.00581000
 0.99069000   0.00782000
 0.97545000   0.01109000
 0.95867000   0.01468000
 0.94046000   0.01857000
 0.92101000   0.02276000
 0.90054000   0.02726000
 0.87924000   0.03199000
 0.85731000   0.03692000
 0.83493000   0.04199000
 0.81233000   0.04714000
 0.78971000   0.05232000
 0.76721000   0.05747000
 0.74474000   0.06261000
 0.72218000   0.06774000
 0.69960000   0.07284000
 0.67714000   0.07784000
 0.65486000   0.08272000
 0.63272000   0.08748000
 0.61074000   0.09210000
 0.58895000   0.09654000
 0.56725000   0.10082000
 0.54571000   0.10491000
 0.52438000   0.10879000
 0.50328000   0.11243000
 0.48247000   0.11582000
 0.46198000   0.11895000
 0.44179000   0.12177000
 0.42195000   0.12430000
 0.40247000   0.12651000
 0.38335000   0.12840000
 0.36463000   0.12996000
 0.34633000   0.13118000
 0.32845000   0.13204000
 0.31100000   0.13254000
 0.29400000   0.13269000
 0.27746000   0.13247000
 0.26138000   0.13190000
 0.24577000   0.13097000
 0.23065000   0.12970000
 0.21603000   0.12812000
 0.20195000   0.12621000
 0.18840000   0.12401000
 0.17541000   0.12152000
 0.16298000   0.11878000
 0.15112000   0.11582000
 0.13985000   0.11266000
 0.12917000   0.10933000
 0.11908000   0.10587000
 0.10957000   0.10230000
 0.10064000   0.09867000
 0.09227000   0.09497000
 0.08444000   0.09125000
 0.07714000   0.08752000
 0.07033000   0.08379000
 0.06399000   0.08009000
 0.05808000   0.07641000
 0.05260000   0.07276000
 0.04750000   0.06915000
 0.04278000   0.06558000
 0.03840000   0.06204000
 0.03434000   0.05854000
 0.03054000   0.05511000
 0.02700000   0.05177000
 0.02371000   0.04850000
 0.02069000   0.04526000
 0.01792000   0.04205000
 0.01537000   0.03888000
 0.01305000   0.03574000
 0.01093000   0.03265000
 0.00899000   0.02959000
 0.00725000   0.02657000
 0.00571000   0.02358000
 0.00438000   0.02061000
 0.00324000   0.01767000
 0.00229000   0.01476000
 0.00151000   0.01188000
 0.00089000   0.00904000
 0.00044000   0.00626000
 0.00014000   0.00355000
 0.00001000   0.00089000
 0.00004000  -0.00175000
 0.00025000  -0.00441000
 0.00066000  -0.00711000
 0.00132000  -0.00985000
 0.00224000  -0.01261000
 0.00338000  -0.01538000
 0.00472000  -0.01816000
 0.00625000  -0.02096000
 0.00797000  -0.02377000
 0.00988000  -0.02661000
 0.01199000  -0.02948000
 0.01431000  -0.03236000
 0.01685000  -0.03526000
 0.01961000  -0.03821000
 0.02258000  -0.04121000
 0.02578000  -0.04427000
 0.02924000  -0.04738000
 0.03297000  -0.05055000
 0.03698000  -0.05379000
 0.04130000  -0.05710000
 0.04596000  -0.06050000
 0.05097000  -0.06398000
 0.05635000  -0.06757000
 0.06214000  -0.07125000
 0.06836000  -0.07498000
 0.07505000  -0.07878000
 0.08224000  -0.08263000
 0.08996000  -0.08651000
 0.09822000  -0.09040000
 0.10704000  -0.09428000
 0.11643000  -0.09813000
 0.12640000  -0.10190000
 0.13694000  -0.10555000
 0.14804000  -0.10906000
 0.15968000  -0.11238000
 0.17185000  -0.11549000
 0.18450000  -0.11835000
 0.19761000  -0.12092000
 0.21116000  -0.12319000
 0.22512000  -0.12513000
 0.23945000  -0.12673000
 0.25411000  -0.12798000
 0.26908000  -0.12885000
 0.28432000  -0.12935000
 0.29979000  -0.12946000
 0.31549000  -0.12918000
 0.33137000  -0.12848000
 0.34743000  -0.12739000
 0.36366000  -0.12589000
 0.38004000  -0.12397000
 0.39658000  -0.12162000
 0.41328000  -0.11886000
 0.43016000  -0.11568000
 0.44722000  -0.11206000
 0.46449000  -0.10800000
 0.48200000  -0.10349000
 0.49981000  -0.09853000
 0.51796000  -0.09312000
 0.53650000  -0.08726000
 0.55545000  -0.08097000
 0.57481000  -0.07430000
 0.59451000  -0.06734000
 0.61439000  -0.06020000
 0.63421000  -0.05309000
 0.65375000  -0.04615000
 0.67284000  -0.03954000
 0.69141000  -0.03336000
 0.70947000  -0.02766000
 0.72706000  -0.02243000
 0.74421000  -0.01770000
 0.76097000  -0.01345000
 0.77740000  -0.00971000
 0.79358000  -0.00649000
 0.80959000  -0.00374000
 0.82547000  -0.00144000
 0.84123000   0.00042000
 0.85685000   0.00188000
 0.87230000   0.00292000
 0.88759000   0.00352000
 0.90273000   0.00367000
 0.91775000   0.00337000
 0.93266000   0.00263000
 0.94747000   0.00148000
 0.96213000  -0.00004000
 0.97660000  -0.00192000
 0.99078000  -0.00402000
 1.00000000  -0.00545000
