FFA-W3-270blend_FFA-W3-241_blend_t25.9
       170   NumCoords         ! Number of coordinates including the reference point.
! x-y coordinate of airfoil reference
0.25        0
! coordinates of airfoil shape
 3.00000000  -270.00000000
 1.00000000   0.00555000
 0.99083000   0.00751000
 0.97582000   0.01070000
 0.95929000   0.01422000
 0.94133000   0.01802000
 0.92213000   0.02213000
 0.90189000   0.02653000
 0.88080000   0.03118000
 0.85907000   0.03602000
 0.83688000   0.04101000
 0.81443000   0.04609000
 0.79192000   0.05121000
 0.76948000   0.05631000
 0.74706000   0.06141000
 0.72457000   0.06651000
 0.70206000   0.07157000
 0.67964000   0.07655000
 0.65740000   0.08142000
 0.63530000   0.08617000
 0.61336000   0.09078000
 0.59162000   0.09522000
 0.57002000   0.09948000
 0.54858000   0.10356000
 0.52735000   0.10743000
 0.50636000   0.11107000
 0.48564000   0.11446000
 0.46522000   0.11760000
 0.44510000   0.12044000
 0.42531000   0.12299000
 0.40586000   0.12524000
 0.38676000   0.12716000
 0.36805000   0.12876000
 0.34972000   0.13002000
 0.33181000   0.13093000
 0.31432000   0.13148000
 0.29725000   0.13168000
 0.28063000   0.13152000
 0.26445000   0.13100000
 0.24872000   0.13012000
 0.23347000   0.12889000
 0.21871000   0.12734000
 0.20446000   0.12547000
 0.19075000   0.12330000
 0.17759000   0.12084000
 0.16499000   0.11813000
 0.15296000   0.11519000
 0.14153000   0.11204000
 0.13069000   0.10873000
 0.12045000   0.10528000
 0.11081000   0.10172000
 0.10175000   0.09810000
 0.09328000   0.09441000
 0.08535000   0.09071000
 0.07796000   0.08699000
 0.07107000   0.08328000
 0.06466000   0.07959000
 0.05869000   0.07593000
 0.05316000   0.07231000
 0.04801000   0.06873000
 0.04324000   0.06519000
 0.03882000   0.06168000
 0.03473000   0.05822000
 0.03091000   0.05482000
 0.02734000   0.05152000
 0.02404000   0.04827000
 0.02100000   0.04506000
 0.01820000   0.04188000
 0.01564000   0.03875000
 0.01330000   0.03564000
 0.01116000   0.03258000
 0.00921000   0.02955000
 0.00745000   0.02656000
 0.00589000   0.02361000
 0.00453000   0.02067000
 0.00338000   0.01776000
 0.00240000   0.01488000
 0.00160000   0.01203000
 0.00097000   0.00922000
 0.00049000   0.00647000
 0.00017000   0.00379000
 0.00001000   0.00116000
 0.00002000  -0.00145000
 0.00021000  -0.00407000
 0.00060000  -0.00673000
 0.00124000  -0.00943000
 0.00213000  -0.01215000
 0.00326000  -0.01489000
 0.00458000  -0.01762000
 0.00610000  -0.02037000
 0.00780000  -0.02314000
 0.00970000  -0.02593000
 0.01179000  -0.02874000
 0.01409000  -0.03156000
 0.01661000  -0.03441000
 0.01935000  -0.03729000
 0.02229000  -0.04023000
 0.02547000  -0.04323000
 0.02890000  -0.04627000
 0.03259000  -0.04938000
 0.03657000  -0.05255000
 0.04085000  -0.05580000
 0.04547000  -0.05912000
 0.05044000  -0.06253000
 0.05577000  -0.06604000
 0.06151000  -0.06965000
 0.06769000  -0.07332000
 0.07434000  -0.07706000
 0.08150000  -0.08085000
 0.08918000  -0.08468000
 0.09742000  -0.08853000
 0.10623000  -0.09237000
 0.11562000  -0.09619000
 0.12559000  -0.09993000
 0.13616000  -0.10357000
 0.14729000  -0.10707000
 0.15899000  -0.11039000
 0.17121000  -0.11350000
 0.18393000  -0.11637000
 0.19713000  -0.11896000
 0.21076000  -0.12124000
 0.22480000  -0.12319000
 0.23921000  -0.12480000
 0.25396000  -0.12606000
 0.26901000  -0.12695000
 0.28432000  -0.12746000
 0.29986000  -0.12758000
 0.31562000  -0.12731000
 0.33156000  -0.12663000
 0.34767000  -0.12555000
 0.36394000  -0.12406000
 0.38035000  -0.12215000
 0.39692000  -0.11983000
 0.41364000  -0.11708000
 0.43053000  -0.11392000
 0.44759000  -0.11032000
 0.46486000  -0.10629000
 0.48237000  -0.10182000
 0.50016000  -0.09689000
 0.51830000  -0.09151000
 0.53681000  -0.08570000
 0.55573000  -0.07948000
 0.57505000  -0.07288000
 0.59470000  -0.06599000
 0.61452000  -0.05894000
 0.63428000  -0.05193000
 0.65376000  -0.04509000
 0.67278000  -0.03858000
 0.69129000  -0.03250000
 0.70932000  -0.02688000
 0.72689000  -0.02173000
 0.74404000  -0.01706000
 0.76082000  -0.01287000
 0.77727000  -0.00918000
 0.79349000  -0.00601000
 0.80955000  -0.00331000
 0.82549000  -0.00105000
 0.84131000   0.00077000
 0.85698000   0.00219000
 0.87250000   0.00319000
 0.88785000   0.00376000
 0.90303000   0.00388000
 0.91809000   0.00355000
 0.93302000   0.00279000
 0.94782000   0.00163000
 0.96245000   0.00010000
 0.97685000  -0.00176000
 0.99091000  -0.00381000
 1.00000000  -0.00519000
