FFA-W3-330blend_FFA-W3-301_blend_t33.0
       170   NumCoords         ! Number of coordinates including the reference point.
! x-y coordinate of airfoil reference
0.25        0
! coordinates of airfoil shape
 3.00000000  -330.00000000
 1.00000000   0.01239000
 0.98779000   0.01555000
 0.96774000   0.02068000
 0.94569000   0.02625000
 0.92202000   0.03225000
 0.89719000   0.03868000
 0.87160000   0.04538000
 0.84581000   0.05219000
 0.81982000   0.05910000
 0.79351000   0.06609000
 0.76692000   0.07314000
 0.74015000   0.08020000
 0.71336000   0.08720000
 0.68669000   0.09408000
 0.66042000   0.10075000
 0.63435000   0.10723000
 0.60837000   0.11356000
 0.58270000   0.11965000
 0.55758000   0.12543000
 0.53310000   0.13088000
 0.50918000   0.13599000
 0.48566000   0.14078000
 0.46267000   0.14522000
 0.44025000   0.14925000
 0.41845000   0.15285000
 0.39731000   0.15602000
 0.37685000   0.15875000
 0.35710000   0.16103000
 0.33804000   0.16287000
 0.31971000   0.16428000
 0.30209000   0.16526000
 0.28520000   0.16584000
 0.26903000   0.16602000
 0.25355000   0.16580000
 0.23875000   0.16523000
 0.22460000   0.16430000
 0.21110000   0.16304000
 0.19819000   0.16146000
 0.18588000   0.15956000
 0.17410000   0.15737000
 0.16286000   0.15492000
 0.15212000   0.15219000
 0.14186000   0.14923000
 0.13207000   0.14605000
 0.12274000   0.14268000
 0.11386000   0.13914000
 0.10543000   0.13542000
 0.09741000   0.13155000
 0.08980000   0.12755000
 0.08260000   0.12343000
 0.07579000   0.11921000
 0.06935000   0.11490000
 0.06329000   0.11052000
 0.05758000   0.10607000
 0.05221000   0.10158000
 0.04717000   0.09706000
 0.04247000   0.09252000
 0.03807000   0.08797000
 0.03397000   0.08343000
 0.03016000   0.07889000
 0.02664000   0.07437000
 0.02338000   0.06988000
 0.02038000   0.06543000
 0.01762000   0.06102000
 0.01510000   0.05666000
 0.01280000   0.05236000
 0.01072000   0.04812000
 0.00886000   0.04393000
 0.00724000   0.03979000
 0.00586000   0.03570000
 0.00469000   0.03165000
 0.00370000   0.02767000
 0.00285000   0.02377000
 0.00212000   0.01995000
 0.00147000   0.01621000
 0.00090000   0.01257000
 0.00046000   0.00902000
 0.00016000   0.00558000
 0.00002000   0.00225000
 0.00002000  -0.00105000
 0.00019000  -0.00439000
 0.00051000  -0.00783000
 0.00097000  -0.01138000
 0.00155000  -0.01500000
 0.00222000  -0.01871000
 0.00301000  -0.02249000
 0.00396000  -0.02633000
 0.00510000  -0.03024000
 0.00644000  -0.03420000
 0.00798000  -0.03821000
 0.00975000  -0.04227000
 0.01174000  -0.04638000
 0.01396000  -0.05053000
 0.01640000  -0.05475000
 0.01907000  -0.05901000
 0.02198000  -0.06332000
 0.02513000  -0.06767000
 0.02856000  -0.07205000
 0.03227000  -0.07645000
 0.03628000  -0.08087000
 0.04059000  -0.08529000
 0.04523000  -0.08973000
 0.05020000  -0.09416000
 0.05552000  -0.09859000
 0.06119000  -0.10300000
 0.06724000  -0.10739000
 0.07367000  -0.11174000
 0.08051000  -0.11602000
 0.08776000  -0.12024000
 0.09546000  -0.12437000
 0.10360000  -0.12840000
 0.11220000  -0.13232000
 0.12128000  -0.13612000
 0.13083000  -0.13977000
 0.14085000  -0.14327000
 0.15136000  -0.14656000
 0.16235000  -0.14965000
 0.17381000  -0.15249000
 0.18576000  -0.15509000
 0.19815000  -0.15741000
 0.21099000  -0.15943000
 0.22425000  -0.16113000
 0.23791000  -0.16249000
 0.25196000  -0.16349000
 0.26636000  -0.16411000
 0.28111000  -0.16433000
 0.29619000  -0.16416000
 0.31159000  -0.16356000
 0.32728000  -0.16252000
 0.34326000  -0.16106000
 0.35950000  -0.15915000
 0.37601000  -0.15677000
 0.39277000  -0.15394000
 0.40981000  -0.15061000
 0.42713000  -0.14678000
 0.44479000  -0.14244000
 0.46283000  -0.13753000
 0.48133000  -0.13207000
 0.50034000  -0.12604000
 0.51992000  -0.11941000
 0.54012000  -0.11217000
 0.56101000  -0.10431000
 0.58267000  -0.09583000
 0.60502000  -0.08680000
 0.62782000  -0.07746000
 0.65043000  -0.06817000
 0.67235000  -0.05925000
 0.69330000  -0.05094000
 0.71320000  -0.04336000
 0.73214000  -0.03650000
 0.75023000  -0.03035000
 0.76757000  -0.02487000
 0.78429000  -0.02004000
 0.80051000  -0.01582000
 0.81630000  -0.01214000
 0.83168000  -0.00900000
 0.84670000  -0.00636000
 0.86138000  -0.00424000
 0.87579000  -0.00262000
 0.88998000  -0.00149000
 0.90403000  -0.00086000
 0.91796000  -0.00071000
 0.93185000  -0.00104000
 0.94573000  -0.00185000
 0.95966000  -0.00321000
 0.97387000  -0.00537000
 0.98892000  -0.00864000
 1.00000000  -0.01158000
