FFA-W3-301_FFA-W3-270blend_blend_t28.7
       170   NumCoords         ! Number of coordinates including the reference point.
! x-y coordinate of airfoil reference
0.25        0
! coordinates of airfoil shape
 3.00000000  -301.00000000
 1.00000000   0.00809000
 0.98986000   0.01043000
 0.97313000   0.01425000
 0.95458000   0.01846000
 0.93438000   0.02306000
 0.91280000   0.02806000
 0.88998000   0.03345000
 0.86617000   0.03914000
 0.84160000   0.04507000
 0.81643000   0.05118000
 0.79095000   0.05736000
 0.76539000   0.06356000
 0.73995000   0.06969000
 0.71474000   0.07571000
 0.68978000   0.08157000
 0.66508000   0.08727000
 0.64067000   0.09279000
 0.61655000   0.09810000
 0.59273000   0.10320000
 0.56924000   0.10806000
 0.54608000   0.11267000
 0.52329000   0.11701000
 0.50091000   0.12107000
 0.47900000   0.12483000
 0.45756000   0.12824000
 0.43657000   0.13132000
 0.41605000   0.13405000
 0.39601000   0.13642000
 0.37649000   0.13844000
 0.35750000   0.14008000
 0.33904000   0.14135000
 0.32112000   0.14225000
 0.30378000   0.14278000
 0.28703000   0.14295000
 0.27085000   0.14274000
 0.25523000   0.14218000
 0.24017000   0.14127000
 0.22566000   0.14004000
 0.21174000   0.13849000
 0.19839000   0.13664000
 0.18559000   0.13448000
 0.17332000   0.13206000
 0.16159000   0.12938000
 0.15039000   0.12648000
 0.13972000   0.12337000
 0.12957000   0.12007000
 0.11994000   0.11663000
 0.11081000   0.11305000
 0.10218000   0.10936000
 0.09404000   0.10559000
 0.08637000   0.10176000
 0.07917000   0.09789000
 0.07240000   0.09399000
 0.06606000   0.09007000
 0.06012000   0.08616000
 0.05458000   0.08227000
 0.04941000   0.07838000
 0.04458000   0.07452000
 0.04009000   0.07068000
 0.03591000   0.06688000
 0.03201000   0.06312000
 0.02838000   0.05942000
 0.02503000   0.05575000
 0.02192000   0.05214000
 0.01906000   0.04857000
 0.01642000   0.04504000
 0.01401000   0.04155000
 0.01180000   0.03811000
 0.00980000   0.03471000
 0.00800000   0.03136000
 0.00640000   0.02804000
 0.00500000   0.02476000
 0.00378000   0.02151000
 0.00275000   0.01829000
 0.00188000   0.01512000
 0.00119000   0.01200000
 0.00065000   0.00894000
 0.00028000   0.00594000
 0.00006000   0.00300000
-0.00001000   0.00009000
 0.00008000  -0.00281000
 0.00034000  -0.00574000
 0.00077000  -0.00871000
 0.00140000  -0.01173000
 0.00223000  -0.01481000
 0.00327000  -0.01792000
 0.00452000  -0.02107000
 0.00596000  -0.02424000
 0.00758000  -0.02745000
 0.00940000  -0.03069000
 0.01142000  -0.03396000
 0.01364000  -0.03728000
 0.01608000  -0.04063000
 0.01876000  -0.04403000
 0.02166000  -0.04748000
 0.02480000  -0.05099000
 0.02820000  -0.05455000
 0.03186000  -0.05818000
 0.03581000  -0.06187000
 0.04006000  -0.06563000
 0.04463000  -0.06946000
 0.04954000  -0.07337000
 0.05480000  -0.07734000
 0.06043000  -0.08137000
 0.06646000  -0.08544000
 0.07291000  -0.08954000
 0.07981000  -0.09366000
 0.08716000  -0.09779000
 0.09499000  -0.10190000
 0.10329000  -0.10597000
 0.11209000  -0.10997000
 0.12137000  -0.11388000
 0.13114000  -0.11766000
 0.14141000  -0.12129000
 0.15215000  -0.12474000
 0.16336000  -0.12799000
 0.17502000  -0.13099000
 0.18713000  -0.13373000
 0.19967000  -0.13618000
 0.21263000  -0.13834000
 0.22598000  -0.14017000
 0.23971000  -0.14167000
 0.25378000  -0.14282000
 0.26820000  -0.14361000
 0.28291000  -0.14402000
 0.29791000  -0.14405000
 0.31316000  -0.14368000
 0.32867000  -0.14291000
 0.34440000  -0.14173000
 0.36034000  -0.14014000
 0.37649000  -0.13813000
 0.39284000  -0.13568000
 0.40942000  -0.13279000
 0.42622000  -0.12947000
 0.44326000  -0.12569000
 0.46057000  -0.12145000
 0.47817000  -0.11674000
 0.49612000  -0.11154000
 0.51449000  -0.10583000
 0.53336000  -0.09960000
 0.55277000  -0.09286000
 0.57276000  -0.08562000
 0.59336000  -0.07792000
 0.61444000  -0.06989000
 0.63559000  -0.06180000
 0.65631000  -0.05394000
 0.67633000  -0.04652000
 0.69555000  -0.03964000
 0.71404000  -0.03334000
 0.73189000  -0.02761000
 0.74918000  -0.02243000
 0.76592000  -0.01780000
 0.78216000  -0.01373000
 0.79808000  -0.01020000
 0.81379000  -0.00716000
 0.82930000  -0.00457000
 0.84460000  -0.00242000
 0.85967000  -0.00071000
 0.87454000   0.00056000
 0.88920000   0.00137000
 0.90372000   0.00172000
 0.91815000   0.00161000
 0.93253000   0.00105000
 0.94690000   0.00006000
 0.96123000  -0.00139000
 0.97561000  -0.00336000
 0.99019000  -0.00581000
 1.00000000  -0.00766000
