FFA-W3-301_FFA-W3-270blend_blend_t27.1
       170   NumCoords         ! Number of coordinates including the reference point.
! x-y coordinate of airfoil reference
0.25        0
! coordinates of airfoil shape
 3.00000000  -301.00000000
 1.00000000   0.00660000
 0.99055000   0.00869000
 0.97502000   0.01210000
 0.95785000   0.01586000
 0.93914000   0.01994000
 0.91910000   0.02437000
 0.89793000   0.02914000
 0.87581000   0.03418000
 0.85297000   0.03944000
 0.82954000   0.04488000
 0.80574000   0.05042000
 0.78173000   0.05602000
 0.75766000   0.06164000
 0.73366000   0.06720000
 0.70983000   0.07268000
 0.68620000   0.07804000
 0.66277000   0.08327000
 0.63957000   0.08835000
 0.61662000   0.09325000
 0.59394000   0.09795000
 0.57150000   0.10246000
 0.54933000   0.10674000
 0.52746000   0.11079000
 0.50588000   0.11460000
 0.48465000   0.11813000
 0.46379000   0.12138000
 0.44330000   0.12432000
 0.42317000   0.12694000
 0.40342000   0.12925000
 0.38407000   0.13122000
 0.36516000   0.13285000
 0.34669000   0.13413000
 0.32868000   0.13506000
 0.31114000   0.13562000
 0.29409000   0.13582000
 0.27754000   0.13567000
 0.26149000   0.13515000
 0.24593000   0.13427000
 0.23087000   0.13307000
 0.21636000   0.13155000
 0.20242000   0.12971000
 0.18902000   0.12756000
 0.17617000   0.12513000
 0.16388000   0.12246000
 0.15216000   0.11955000
 0.14101000   0.11643000
 0.13042000   0.11313000
 0.12040000   0.10969000
 0.11095000   0.10613000
 0.10204000   0.10248000
 0.09369000   0.09877000
 0.08585000   0.09502000
 0.07853000   0.09124000
 0.07168000   0.08745000
 0.06528000   0.08367000
 0.05933000   0.07992000
 0.05380000   0.07618000
 0.04866000   0.07247000
 0.04388000   0.06878000
 0.03943000   0.06513000
 0.03529000   0.06154000
 0.03143000   0.05801000
 0.02785000   0.05455000
 0.02454000   0.05114000
 0.02147000   0.04778000
 0.01863000   0.04448000
 0.01603000   0.04122000
 0.01364000   0.03800000
 0.01146000   0.03482000
 0.00948000   0.03168000
 0.00772000   0.02858000
 0.00615000   0.02551000
 0.00478000   0.02246000
 0.00359000   0.01944000
 0.00258000   0.01645000
 0.00174000   0.01351000
 0.00107000   0.01061000
 0.00056000   0.00778000
 0.00021000   0.00500000
 0.00002000   0.00226000
-0.00000000  -0.00045000
 0.00014000  -0.00316000
 0.00046000  -0.00590000
 0.00097000  -0.00867000
 0.00169000  -0.01148000
 0.00264000  -0.01433000
 0.00381000  -0.01721000
 0.00520000  -0.02010000
 0.00679000  -0.02302000
 0.00856000  -0.02596000
 0.01051000  -0.02892000
 0.01266000  -0.03193000
 0.01501000  -0.03496000
 0.01758000  -0.03804000
 0.02038000  -0.04116000
 0.02341000  -0.04433000
 0.02669000  -0.04756000
 0.03023000  -0.05085000
 0.03404000  -0.05421000
 0.03815000  -0.05765000
 0.04258000  -0.06116000
 0.04735000  -0.06477000
 0.05248000  -0.06847000
 0.05799000  -0.07227000
 0.06389000  -0.07615000
 0.07022000  -0.08008000
 0.07702000  -0.08406000
 0.08431000  -0.08806000
 0.09212000  -0.09208000
 0.10045000  -0.09609000
 0.10932000  -0.10008000
 0.11873000  -0.10400000
 0.12869000  -0.10781000
 0.13918000  -0.11150000
 0.15020000  -0.11503000
 0.16173000  -0.11835000
 0.17375000  -0.12145000
 0.18623000  -0.12428000
 0.19916000  -0.12682000
 0.21252000  -0.12904000
 0.22628000  -0.13095000
 0.24041000  -0.13251000
 0.25488000  -0.13370000
 0.26967000  -0.13453000
 0.28474000  -0.13498000
 0.30005000  -0.13505000
 0.31560000  -0.13471000
 0.33137000  -0.13396000
 0.34733000  -0.13282000
 0.36346000  -0.13126000
 0.37976000  -0.12927000
 0.39623000  -0.12687000
 0.41289000  -0.12403000
 0.42973000  -0.12076000
 0.44677000  -0.11706000
 0.46404000  -0.11291000
 0.48157000  -0.10830000
 0.49938000  -0.10324000
 0.51756000  -0.09770000
 0.53617000  -0.09168000
 0.55527000  -0.08519000
 0.57485000  -0.07828000
 0.59491000  -0.07099000
 0.61537000  -0.06343000
 0.63582000  -0.05588000
 0.65583000  -0.04856000
 0.67520000  -0.04165000
 0.69393000  -0.03524000
 0.71206000  -0.02933000
 0.72967000  -0.02394000
 0.74679000  -0.01906000
 0.76346000  -0.01469000
 0.77972000  -0.01086000
 0.79571000  -0.00757000
 0.81155000  -0.00475000
 0.82728000  -0.00238000
 0.84287000  -0.00043000
 0.85829000   0.00109000
 0.87353000   0.00218000
 0.88858000   0.00283000
 0.90348000   0.00303000
 0.91827000   0.00276000
 0.93298000   0.00206000
 0.94761000   0.00094000
 0.96212000  -0.00057000
 0.97649000  -0.00248000
 0.99070000  -0.00467000
 1.00000000  -0.00621000
