FFA-W3-270blend_FFA-W3-241_blend_t24.5
       170   NumCoords         ! Number of coordinates including the reference point.
! x-y coordinate of airfoil reference
0.25        0
! coordinates of airfoil shape
 3.00000000  -270.00000000
 1.00000000   0.00428000
 0.99133000   0.00605000
 0.97716000   0.00895000
 0.96157000   0.01213000
 0.94460000   0.01559000
 0.92641000   0.01933000
 0.90720000   0.02333000
 0.88714000   0.02756000
 0.86643000   0.03199000
 0.84523000   0.03656000
 0.82368000   0.04125000
 0.80188000   0.04603000
 0.77992000   0.05087000
 0.75788000   0.05575000
 0.73581000   0.06064000
 0.71376000   0.06551000
 0.69180000   0.07032000
 0.66997000   0.07505000
 0.64829000   0.07968000
 0.62680000   0.08419000
 0.60551000   0.08856000
 0.58442000   0.09275000
 0.56351000   0.09677000
 0.54281000   0.10060000
 0.52231000   0.10422000
 0.50202000   0.10763000
 0.48197000   0.11082000
 0.46217000   0.11375000
 0.44263000   0.11642000
 0.42336000   0.11880000
 0.40438000   0.12091000
 0.38570000   0.12271000
 0.36734000   0.12419000
 0.34932000   0.12535000
 0.33164000   0.12616000
 0.31432000   0.12663000
 0.29736000   0.12674000
 0.28076000   0.12649000
 0.26455000   0.12587000
 0.24872000   0.12490000
 0.23331000   0.12358000
 0.21833000   0.12193000
 0.20383000   0.11995000
 0.18984000   0.11768000
 0.17638000   0.11512000
 0.16349000   0.11231000
 0.15119000   0.10928000
 0.13952000   0.10605000
 0.12848000   0.10268000
 0.11807000   0.09919000
 0.10831000   0.09563000
 0.09919000   0.09201000
 0.09068000   0.08836000
 0.08277000   0.08471000
 0.07541000   0.08108000
 0.06859000   0.07748000
 0.06227000   0.07392000
 0.05641000   0.07041000
 0.05098000   0.06696000
 0.04595000   0.06355000
 0.04130000   0.06020000
 0.03700000   0.05690000
 0.03301000   0.05367000
 0.02930000   0.05049000
 0.02587000   0.04738000
 0.02271000   0.04430000
 0.01980000   0.04127000
 0.01713000   0.03827000
 0.01468000   0.03531000
 0.01243000   0.03238000
 0.01038000   0.02950000
 0.00851000   0.02665000
 0.00683000   0.02384000
 0.00537000   0.02104000
 0.00410000   0.01826000
 0.00302000   0.01552000
 0.00211000   0.01280000
 0.00137000   0.01011000
 0.00078000   0.00747000
 0.00036000   0.00489000
 0.00009000   0.00237000
-0.00001000  -0.00010000
 0.00008000  -0.00257000
 0.00036000  -0.00506000
 0.00087000  -0.00759000
 0.00163000  -0.01014000
 0.00265000  -0.01270000
 0.00391000  -0.01526000
 0.00537000  -0.01781000
 0.00701000  -0.02036000
 0.00885000  -0.02292000
 0.01087000  -0.02549000
 0.01310000  -0.02807000
 0.01553000  -0.03067000
 0.01817000  -0.03328000
 0.02103000  -0.03593000
 0.02410000  -0.03863000
 0.02740000  -0.04138000
 0.03096000  -0.04418000
 0.03479000  -0.04704000
 0.03892000  -0.04997000
 0.04336000  -0.05297000
 0.04815000  -0.05605000
 0.05331000  -0.05921000
 0.05888000  -0.06247000
 0.06488000  -0.06581000
 0.07137000  -0.06923000
 0.07837000  -0.07272000
 0.08593000  -0.07628000
 0.09407000  -0.07988000
 0.10283000  -0.08351000
 0.11222000  -0.08715000
 0.12226000  -0.09075000
 0.13295000  -0.09429000
 0.14427000  -0.09771000
 0.15621000  -0.10099000
 0.16874000  -0.10407000
 0.18182000  -0.10693000
 0.19539000  -0.10952000
 0.20943000  -0.11182000
 0.22387000  -0.11380000
 0.23869000  -0.11544000
 0.25382000  -0.11672000
 0.26923000  -0.11765000
 0.28488000  -0.11821000
 0.30072000  -0.11837000
 0.31674000  -0.11814000
 0.33290000  -0.11751000
 0.34920000  -0.11649000
 0.36562000  -0.11506000
 0.38216000  -0.11323000
 0.39881000  -0.11099000
 0.41559000  -0.10833000
 0.43250000  -0.10527000
 0.44956000  -0.10180000
 0.46680000  -0.09790000
 0.48425000  -0.09357000
 0.50198000  -0.08881000
 0.52001000  -0.08364000
 0.53840000  -0.07807000
 0.55715000  -0.07213000
 0.57626000  -0.06588000
 0.59565000  -0.05939000
 0.61519000  -0.05278000
 0.63463000  -0.04623000
 0.65375000  -0.03988000
 0.67244000  -0.03385000
 0.69070000  -0.02821000
 0.70854000  -0.02300000
 0.72600000  -0.01822000
 0.74312000  -0.01389000
 0.75994000  -0.01001000
 0.77650000  -0.00660000
 0.79287000  -0.00367000
 0.80912000  -0.00121000
 0.82527000   0.00083000
 0.84132000   0.00245000
 0.85725000   0.00368000
 0.87302000   0.00451000
 0.88862000   0.00492000
 0.90402000   0.00490000
 0.91925000   0.00446000
 0.93429000   0.00360000
 0.94910000   0.00237000
 0.96363000   0.00082000
 0.97777000  -0.00094000
 0.99135000  -0.00277000
 1.00000000  -0.00395000
