FFA-W3-301_FFA-W3-270blend_blend_t29.8
       170   NumCoords         ! Number of coordinates including the reference point.
! x-y coordinate of airfoil reference
0.25        0
! coordinates of airfoil shape
 3.00000000  -301.00000000
 1.00000000   0.00914000
 0.98956000   0.01162000
 0.97226000   0.01568000
 0.95293000   0.02018000
 0.93181000   0.02514000
 0.90914000   0.03057000
 0.88506000   0.03644000
 0.85987000   0.04265000
 0.83384000   0.04913000
 0.80723000   0.05578000
 0.78036000   0.06248000
 0.75350000   0.06914000
 0.72688000   0.07569000
 0.70058000   0.08206000
 0.67458000   0.08825000
 0.64891000   0.09422000
 0.62358000   0.09997000
 0.59858000   0.10548000
 0.57397000   0.11072000
 0.54976000   0.11569000
 0.52599000   0.12037000
 0.50274000   0.12473000
 0.48005000   0.12875000
 0.45794000   0.13239000
 0.43639000   0.13566000
 0.41538000   0.13856000
 0.39496000   0.14107000
 0.37514000   0.14319000
 0.35595000   0.14492000
 0.33736000   0.14626000
 0.31939000   0.14722000
 0.30208000   0.14781000
 0.28543000   0.14802000
 0.26942000   0.14786000
 0.25402000   0.14734000
 0.23922000   0.14648000
 0.22501000   0.14529000
 0.21141000   0.14380000
 0.19838000   0.14201000
 0.18591000   0.13993000
 0.17397000   0.13758000
 0.16254000   0.13497000
 0.15162000   0.13214000
 0.14120000   0.12911000
 0.13127000   0.12588000
 0.12182000   0.12250000
 0.11284000   0.11897000
 0.10432000   0.11532000
 0.09626000   0.11157000
 0.08864000   0.10773000
 0.08144000   0.10383000
 0.07465000   0.09989000
 0.06827000   0.09592000
 0.06227000   0.09194000
 0.05664000   0.08794000
 0.05137000   0.08396000
 0.04644000   0.07998000
 0.04183000   0.07602000
 0.03753000   0.07208000
 0.03352000   0.06817000
 0.02979000   0.06429000
 0.02632000   0.06045000
 0.02311000   0.05665000
 0.02015000   0.05288000
 0.01742000   0.04915000
 0.01492000   0.04545000
 0.01264000   0.04179000
 0.01055000   0.03816000
 0.00867000   0.03459000
 0.00699000   0.03105000
 0.00551000   0.02755000
 0.00422000   0.02409000
 0.00311000   0.02066000
 0.00218000   0.01727000
 0.00143000   0.01393000
 0.00083000   0.01064000
 0.00040000   0.00743000
 0.00012000   0.00427000
-0.00001000   0.00116000
 0.00002000  -0.00193000
 0.00021000  -0.00504000
 0.00056000  -0.00819000
 0.00109000  -0.01140000
 0.00180000  -0.01467000
 0.00272000  -0.01798000
 0.00383000  -0.02134000
 0.00513000  -0.02472000
 0.00663000  -0.02814000
 0.00832000  -0.03158000
 0.01022000  -0.03506000
 0.01233000  -0.03858000
 0.01465000  -0.04214000
 0.01720000  -0.04575000
 0.01998000  -0.04940000
 0.02300000  -0.05309000
 0.02626000  -0.05684000
 0.02978000  -0.06064000
 0.03357000  -0.06449000
 0.03765000  -0.06840000
 0.04204000  -0.07237000
 0.04674000  -0.07638000
 0.05178000  -0.08045000
 0.05716000  -0.08457000
 0.06292000  -0.08871000
 0.06906000  -0.09288000
 0.07561000  -0.09706000
 0.08258000  -0.10124000
 0.08998000  -0.10540000
 0.09781000  -0.10952000
 0.10609000  -0.11357000
 0.11483000  -0.11753000
 0.12402000  -0.12137000
 0.13366000  -0.12508000
 0.14376000  -0.12862000
 0.15431000  -0.13198000
 0.16529000  -0.13512000
 0.17671000  -0.13802000
 0.18856000  -0.14066000
 0.20083000  -0.14302000
 0.21352000  -0.14510000
 0.22658000  -0.14686000
 0.24002000  -0.14828000
 0.25382000  -0.14937000
 0.26797000  -0.15010000
 0.28244000  -0.15046000
 0.29721000  -0.15044000
 0.31226000  -0.15003000
 0.32759000  -0.14922000
 0.34316000  -0.14800000
 0.35897000  -0.14637000
 0.37502000  -0.14430000
 0.39131000  -0.14181000
 0.40785000  -0.13886000
 0.42465000  -0.13547000
 0.44173000  -0.13161000
 0.45910000  -0.12728000
 0.47681000  -0.12245000
 0.49493000  -0.11711000
 0.51353000  -0.11123000
 0.53267000  -0.10479000
 0.55244000  -0.09779000
 0.57288000  -0.09024000
 0.59404000  -0.08216000
 0.61576000  -0.07370000
 0.63756000  -0.06515000
 0.65892000  -0.05685000
 0.67946000  -0.04905000
 0.69905000  -0.04186000
 0.71777000  -0.03533000
 0.73578000  -0.02941000
 0.75314000  -0.02407000
 0.76986000  -0.01932000
 0.78603000  -0.01516000
 0.80184000  -0.01154000
 0.81739000  -0.00841000
 0.83266000  -0.00574000
 0.84767000  -0.00352000
 0.86240000  -0.00175000
 0.87690000  -0.00044000
 0.89119000   0.00043000
 0.90533000   0.00083000
 0.91938000   0.00078000
 0.93339000   0.00028000
 0.94741000  -0.00066000
 0.96140000  -0.00207000
 0.97551000  -0.00407000
 0.99004000  -0.00665000
 1.00000000  -0.00869000
