FFA-W3-330blend_FFA-W3-301_blend_t31.1
       170   NumCoords         ! Number of coordinates including the reference point.
! x-y coordinate of airfoil reference
0.25        0
! coordinates of airfoil shape
 3.00000000  -330.00000000
 1.00000000   0.01036000
 0.98901000   0.01305000
 0.97082000   0.01747000
 0.95057000   0.02233000
 0.92850000   0.02767000
 0.90492000   0.03350000
 0.88005000   0.03974000
 0.85427000   0.04627000
 0.82785000   0.05302000
 0.80096000   0.05991000
 0.77382000   0.06684000
 0.74660000   0.07376000
 0.71953000   0.08056000
 0.69272000   0.08721000
 0.66621000   0.09366000
 0.64003000   0.09988000
 0.61420000   0.10587000
 0.58875000   0.11161000
 0.56374000   0.11706000
 0.53919000   0.12221000
 0.51516000   0.12704000
 0.49172000   0.13153000
 0.46890000   0.13564000
 0.44671000   0.13935000
 0.42514000   0.14266000
 0.40420000   0.14557000
 0.38390000   0.14807000
 0.36426000   0.15016000
 0.34527000   0.15184000
 0.32695000   0.15312000
 0.30930000   0.15400000
 0.29233000   0.15451000
 0.27604000   0.15462000
 0.26040000   0.15437000
 0.24541000   0.15376000
 0.23103000   0.15281000
 0.21727000   0.15154000
 0.20410000   0.14996000
 0.19150000   0.14808000
 0.17945000   0.14591000
 0.16792000   0.14348000
 0.15690000   0.14080000
 0.14636000   0.13789000
 0.13631000   0.13478000
 0.12674000   0.13149000
 0.11762000   0.12802000
 0.10896000   0.12441000
 0.10074000   0.12067000
 0.09294000   0.11682000
 0.08557000   0.11288000
 0.07860000   0.10885000
 0.07202000   0.10477000
 0.06582000   0.10065000
 0.05999000   0.09650000
 0.05451000   0.09233000
 0.04938000   0.08815000
 0.04457000   0.08397000
 0.04008000   0.07980000
 0.03589000   0.07565000
 0.03198000   0.07152000
 0.02835000   0.06742000
 0.02499000   0.06335000
 0.02187000   0.05932000
 0.01901000   0.05533000
 0.01637000   0.05138000
 0.01396000   0.04746000
 0.01177000   0.04360000
 0.00979000   0.03977000
 0.00803000   0.03598000
 0.00647000   0.03224000
 0.00510000   0.02854000
 0.00392000   0.02489000
 0.00291000   0.02129000
 0.00206000   0.01775000
 0.00135000   0.01427000
 0.00078000   0.01085000
 0.00037000   0.00750000
 0.00011000   0.00424000
-0.00001000   0.00104000
 0.00004000  -0.00213000
 0.00024000  -0.00536000
 0.00060000  -0.00866000
 0.00113000  -0.01203000
 0.00183000  -0.01545000
 0.00269000  -0.01893000
 0.00371000  -0.02245000
 0.00493000  -0.02602000
 0.00634000  -0.02964000
 0.00795000  -0.03329000
 0.00976000  -0.03699000
 0.01179000  -0.04072000
 0.01404000  -0.04450000
 0.01652000  -0.04832000
 0.01922000  -0.05218000
 0.02216000  -0.05610000
 0.02534000  -0.06007000
 0.02877000  -0.06408000
 0.03248000  -0.06814000
 0.03647000  -0.07224000
 0.04076000  -0.07638000
 0.04536000  -0.08056000
 0.05029000  -0.08476000
 0.05556000  -0.08900000
 0.06119000  -0.09324000
 0.06720000  -0.09750000
 0.07359000  -0.10175000
 0.08038000  -0.10598000
 0.08760000  -0.11017000
 0.09524000  -0.11430000
 0.10331000  -0.11836000
 0.11184000  -0.12233000
 0.12082000  -0.12618000
 0.13026000  -0.12989000
 0.14015000  -0.13345000
 0.15050000  -0.13683000
 0.16130000  -0.14000000
 0.17255000  -0.14294000
 0.18424000  -0.14562000
 0.19637000  -0.14804000
 0.20891000  -0.15017000
 0.22186000  -0.15200000
 0.23520000  -0.15349000
 0.24891000  -0.15465000
 0.26298000  -0.15545000
 0.27738000  -0.15588000
 0.29210000  -0.15592000
 0.30712000  -0.15557000
 0.32242000  -0.15482000
 0.33800000  -0.15365000
 0.35383000  -0.15206000
 0.36991000  -0.15004000
 0.38624000  -0.14757000
 0.40283000  -0.14465000
 0.41969000  -0.14126000
 0.43683000  -0.13740000
 0.45429000  -0.13305000
 0.47213000  -0.12818000
 0.49039000  -0.12277000
 0.50914000  -0.11682000
 0.52846000  -0.11029000
 0.54842000  -0.10317000
 0.56909000  -0.09546000
 0.59051000  -0.08718000
 0.61258000  -0.07845000
 0.63491000  -0.06953000
 0.65686000  -0.06080000
 0.67796000  -0.05257000
 0.69805000  -0.04498000
 0.71719000  -0.03808000
 0.73550000  -0.03186000
 0.75306000  -0.02625000
 0.76996000  -0.02126000
 0.78631000  -0.01688000
 0.80223000  -0.01306000
 0.81780000  -0.00975000
 0.83305000  -0.00693000
 0.84798000  -0.00458000
 0.86263000  -0.00269000
 0.87702000  -0.00128000
 0.89122000  -0.00033000
 0.90526000   0.00015000
 0.91920000   0.00017000
 0.93310000  -0.00026000
 0.94698000  -0.00115000
 0.96090000  -0.00255000
 0.97502000  -0.00461000
 0.98969000  -0.00745000
 1.00000000  -0.00978000
