FFA-W3-241_FFA-W3-211_blend_t23.0
       122   NumCoords         ! Number of coordinates including the reference point.
! x-y coordinate of airfoil reference
0.25        0
! coordinates of airfoil shape
 3.00000000  -241.00000000
 1.00000000   0.00292000
 0.98872000   0.00507000
 0.96944000   0.00871000
 0.94745000   0.01291000
 0.92318000   0.01765000
 0.89726000   0.02283000
 0.87024000   0.02834000
 0.84254000   0.03411000
 0.81445000   0.04004000
 0.78613000   0.04613000
 0.75761000   0.05233000
 0.72898000   0.05860000
 0.70040000   0.06485000
 0.67197000   0.07101000
 0.64380000   0.07703000
 0.61594000   0.08286000
 0.58843000   0.08841000
 0.56119000   0.09367000
 0.53420000   0.09862000
 0.50749000   0.10322000
 0.48113000   0.10745000
 0.45513000   0.11124000
 0.42953000   0.11457000
 0.40436000   0.11740000
 0.37964000   0.11968000
 0.35542000   0.12138000
 0.33175000   0.12246000
 0.30861000   0.12288000
 0.28596000   0.12261000
 0.26379000   0.12163000
 0.24211000   0.11996000
 0.22095000   0.11758000
 0.20039000   0.11455000
 0.18055000   0.11088000
 0.16155000   0.10664000
 0.14355000   0.10190000
 0.12671000   0.09677000
 0.11114000   0.09136000
 0.09696000   0.08581000
 0.08419000   0.08023000
 0.07279000   0.07471000
 0.06270000   0.06932000
 0.05379000   0.06411000
 0.04595000   0.05910000
 0.03905000   0.05428000
 0.03297000   0.04966000
 0.02762000   0.04522000
 0.02291000   0.04095000
 0.01878000   0.03682000
 0.01514000   0.03281000
 0.01195000   0.02893000
 0.00918000   0.02517000
 0.00681000   0.02150000
 0.00484000   0.01789000
 0.00322000   0.01434000
 0.00194000   0.01086000
 0.00097000   0.00750000
 0.00032000   0.00427000
 0.00002000   0.00111000
 0.00010000  -0.00206000
 0.00056000  -0.00526000
 0.00148000  -0.00848000
 0.00290000  -0.01170000
 0.00479000  -0.01489000
 0.00710000  -0.01807000
 0.00978000  -0.02127000
 0.01286000  -0.02449000
 0.01636000  -0.02777000
 0.02032000  -0.03112000
 0.02478000  -0.03458000
 0.02979000  -0.03817000
 0.03543000  -0.04192000
 0.04181000  -0.04585000
 0.04904000  -0.04998000
 0.05725000  -0.05435000
 0.06659000  -0.05896000
 0.07721000  -0.06379000
 0.08924000  -0.06881000
 0.10278000  -0.07395000
 0.11784000  -0.07911000
 0.13433000  -0.08414000
 0.15213000  -0.08889000
 0.17104000  -0.09326000
 0.19085000  -0.09710000
 0.21139000  -0.10036000
 0.23250000  -0.10297000
 0.25408000  -0.10491000
 0.27598000  -0.10618000
 0.29809000  -0.10674000
 0.32036000  -0.10658000
 0.34276000  -0.10570000
 0.36527000  -0.10410000
 0.38789000  -0.10178000
 0.41063000  -0.09873000
 0.43353000  -0.09496000
 0.45662000  -0.09046000
 0.48001000  -0.08520000
 0.50392000  -0.07919000
 0.52849000  -0.07246000
 0.55373000  -0.06512000
 0.57960000  -0.05729000
 0.60591000  -0.04916000
 0.63218000  -0.04106000
 0.65786000  -0.03334000
 0.68281000  -0.02619000
 0.70713000  -0.01972000
 0.73093000  -0.01393000
 0.75426000  -0.00886000
 0.77715000  -0.00455000
 0.79974000  -0.00103000
 0.82217000   0.00173000
 0.84447000   0.00377000
 0.86654000   0.00509000
 0.88827000   0.00570000
 0.90959000   0.00555000
 0.93048000   0.00466000
 0.95083000   0.00309000
 0.97041000   0.00101000
 0.98876000  -0.00127000
 1.00000000  -0.00273000
