FFA-W3-301_FFA-W3-270blend_blend_t28.0
       170   NumCoords         ! Number of coordinates including the reference point.
! x-y coordinate of airfoil reference
0.25        0
! coordinates of airfoil shape
 3.00000000  -301.00000000
 1.00000000   0.00743000
 0.99018000   0.00965000
 0.97403000   0.01328000
 0.95613000   0.01728000
 0.93664000   0.02164000
 0.91580000   0.02637000
 0.89377000   0.03146000
 0.87077000   0.03684000
 0.84703000   0.04246000
 0.82270000   0.04825000
 0.79802000   0.05413000
 0.77319000   0.06006000
 0.74838000   0.06595000
 0.72374000   0.07177000
 0.69931000   0.07746000
 0.67512000   0.08301000
 0.65116000   0.08840000
 0.62747000   0.09361000
 0.60407000   0.09862000
 0.58094000   0.10342000
 0.55810000   0.10799000
 0.53559000   0.11231000
 0.51342000   0.11638000
 0.49163000   0.12017000
 0.47027000   0.12366000
 0.44932000   0.12683000
 0.42878000   0.12967000
 0.40867000   0.13218000
 0.38900000   0.13434000
 0.36981000   0.13615000
 0.35111000   0.13759000
 0.33290000   0.13868000
 0.31522000   0.13940000
 0.29806000   0.13976000
 0.28145000   0.13975000
 0.26538000   0.13937000
 0.24984000   0.13864000
 0.23482000   0.13757000
 0.22036000   0.13618000
 0.20648000   0.13448000
 0.19315000   0.13246000
 0.18036000   0.13016000
 0.16812000   0.12759000
 0.15643000   0.12478000
 0.14528000   0.12176000
 0.13469000   0.11854000
 0.12462000   0.11515000
 0.11510000   0.11163000
 0.10610000   0.10800000
 0.09762000   0.10428000
 0.08964000   0.10050000
 0.08216000   0.09667000
 0.07514000   0.09282000
 0.06857000   0.08896000
 0.06243000   0.08510000
 0.05670000   0.08127000
 0.05137000   0.07745000
 0.04641000   0.07365000
 0.04179000   0.06987000
 0.03748000   0.06614000
 0.03347000   0.06245000
 0.02975000   0.05882000
 0.02629000   0.05525000
 0.02309000   0.05172000
 0.02013000   0.04825000
 0.01741000   0.04482000
 0.01490000   0.04143000
 0.01262000   0.03809000
 0.01053000   0.03479000
 0.00866000   0.03154000
 0.00698000   0.02832000
 0.00551000   0.02513000
 0.00422000   0.02198000
 0.00312000   0.01885000
 0.00219000   0.01576000
 0.00143000   0.01272000
 0.00083000   0.00974000
 0.00040000   0.00683000
 0.00012000   0.00396000
-0.00001000   0.00114000
 0.00003000  -0.00167000
 0.00024000  -0.00449000
 0.00062000  -0.00734000
 0.00119000  -0.01025000
 0.00197000  -0.01320000
 0.00297000  -0.01618000
 0.00418000  -0.01920000
 0.00560000  -0.02225000
 0.00720000  -0.02532000
 0.00899000  -0.02842000
 0.01097000  -0.03155000
 0.01316000  -0.03472000
 0.01555000  -0.03794000
 0.01817000  -0.04119000
 0.02102000  -0.04449000
 0.02411000  -0.04785000
 0.02745000  -0.05127000
 0.03105000  -0.05475000
 0.03494000  -0.05829000
 0.03912000  -0.06192000
 0.04362000  -0.06561000
 0.04847000  -0.06939000
 0.05367000  -0.07326000
 0.05924000  -0.07720000
 0.06521000  -0.08119000
 0.07161000  -0.08523000
 0.07846000  -0.08929000
 0.08579000  -0.09337000
 0.09362000  -0.09745000
 0.10194000  -0.10151000
 0.11077000  -0.10552000
 0.12012000  -0.10944000
 0.12998000  -0.11325000
 0.14035000  -0.11692000
 0.15122000  -0.12041000
 0.16258000  -0.12369000
 0.17440000  -0.12674000
 0.18668000  -0.12953000
 0.19940000  -0.13202000
 0.21254000  -0.13422000
 0.22608000  -0.13609000
 0.23999000  -0.13761000
 0.25424000  -0.13878000
 0.26883000  -0.13959000
 0.28371000  -0.14002000
 0.29885000  -0.14007000
 0.31424000  -0.13971000
 0.32987000  -0.13895000
 0.34571000  -0.13779000
 0.36174000  -0.13621000
 0.37795000  -0.13421000
 0.39436000  -0.13178000
 0.41098000  -0.12891000
 0.42780000  -0.12561000
 0.44484000  -0.12187000
 0.46213000  -0.11767000
 0.47970000  -0.11300000
 0.49759000  -0.10786000
 0.51587000  -0.10223000
 0.53462000  -0.09609000
 0.55388000  -0.08947000
 0.57368000  -0.08238000
 0.59403000  -0.07486000
 0.61481000  -0.06706000
 0.63562000  -0.05921000
 0.65601000  -0.05160000
 0.67572000  -0.04442000
 0.69471000  -0.03775000
 0.71303000  -0.03163000
 0.73077000  -0.02604000
 0.74799000  -0.02099000
 0.76470000  -0.01648000
 0.78096000  -0.01251000
 0.79691000  -0.00908000
 0.81269000  -0.00613000
 0.82831000  -0.00363000
 0.84375000  -0.00156000
 0.85899000   0.00007000
 0.87402000   0.00127000
 0.88887000   0.00201000
 0.90357000   0.00230000
 0.91817000   0.00212000
 0.93271000   0.00150000
 0.94720000   0.00045000
 0.96162000  -0.00103000
 0.97600000  -0.00298000
 0.99043000  -0.00531000
 1.00000000  -0.00702000
