FFA-W3-241_FFA-W3-211_blend_t22.1
       122   NumCoords         ! Number of coordinates including the reference point.
! x-y coordinate of airfoil reference
0.25        0
! coordinates of airfoil shape
 3.00000000  -241.00000000
 1.00000000   0.00217000
 0.98930000   0.00411000
 0.97087000   0.00741000
 0.94980000   0.01124000
 0.92651000   0.01563000
 0.90169000   0.02043000
 0.87592000   0.02555000
 0.84960000   0.03090000
 0.82294000   0.03642000
 0.79617000   0.04206000
 0.76923000   0.04785000
 0.74214000   0.05374000
 0.71495000   0.05969000
 0.68781000   0.06561000
 0.66083000   0.07145000
 0.63409000   0.07716000
 0.60766000   0.08267000
 0.58152000   0.08791000
 0.55558000   0.09289000
 0.52980000   0.09760000
 0.50427000   0.10199000
 0.47904000   0.10602000
 0.45411000   0.10966000
 0.42952000   0.11287000
 0.40530000   0.11560000
 0.38147000   0.11782000
 0.35806000   0.11949000
 0.33515000   0.12057000
 0.31270000   0.12101000
 0.29064000   0.12077000
 0.26895000   0.11985000
 0.24763000   0.11824000
 0.22665000   0.11593000
 0.20607000   0.11294000
 0.18598000   0.10930000
 0.16653000   0.10505000
 0.14785000   0.10024000
 0.13014000   0.09496000
 0.11359000   0.08932000
 0.09837000   0.08346000
 0.08463000   0.07754000
 0.07240000   0.07169000
 0.06164000   0.06600000
 0.05227000   0.06054000
 0.04412000   0.05535000
 0.03705000   0.05042000
 0.03091000   0.04575000
 0.02559000   0.04132000
 0.02097000   0.03710000
 0.01694000   0.03306000
 0.01345000   0.02918000
 0.01043000   0.02546000
 0.00785000   0.02187000
 0.00568000   0.01837000
 0.00388000   0.01493000
 0.00243000   0.01159000
 0.00131000   0.00835000
 0.00052000   0.00526000
 0.00009000   0.00225000
 0.00004000  -0.00074000
 0.00038000  -0.00376000
 0.00114000  -0.00681000
 0.00240000  -0.00986000
 0.00416000  -0.01287000
 0.00638000  -0.01586000
 0.00900000  -0.01885000
 0.01203000  -0.02186000
 0.01550000  -0.02494000
 0.01946000  -0.02810000
 0.02396000  -0.03138000
 0.02908000  -0.03481000
 0.03491000  -0.03842000
 0.04160000  -0.04225000
 0.04931000  -0.04632000
 0.05821000  -0.05067000
 0.06849000  -0.05530000
 0.08033000  -0.06020000
 0.09383000  -0.06529000
 0.10903000  -0.07046000
 0.12579000  -0.07556000
 0.14391000  -0.08042000
 0.16312000  -0.08492000
 0.18315000  -0.08891000
 0.20381000  -0.09233000
 0.22494000  -0.09513000
 0.24644000  -0.09731000
 0.26819000  -0.09883000
 0.29008000  -0.09971000
 0.31204000  -0.09991000
 0.33406000  -0.09944000
 0.35614000  -0.09829000
 0.37827000  -0.09646000
 0.40048000  -0.09396000
 0.42276000  -0.09078000
 0.44516000  -0.08693000
 0.46776000  -0.08239000
 0.49074000  -0.07714000
 0.51431000  -0.07120000
 0.53855000  -0.06467000
 0.56342000  -0.05765000
 0.58875000  -0.05030000
 0.61425000  -0.04285000
 0.63948000  -0.03559000
 0.66414000  -0.02873000
 0.68824000  -0.02240000
 0.71187000  -0.01665000
 0.73515000  -0.01150000
 0.75809000  -0.00697000
 0.78068000  -0.00310000
 0.80302000   0.00008000
 0.82522000   0.00257000
 0.84728000   0.00440000
 0.86912000   0.00557000
 0.89064000   0.00606000
 0.91175000   0.00585000
 0.93241000   0.00496000
 0.95246000   0.00343000
 0.97160000   0.00144000
 0.98932000  -0.00071000
 1.00000000  -0.00207000
