FFA-W3-270blend_FFA-W3-241_blend_t25.6
       170   NumCoords         ! Number of coordinates including the reference point.
! x-y coordinate of airfoil reference
0.25        0
! coordinates of airfoil shape
 3.00000000  -270.00000000
 1.00000000   0.00529000
 0.99095000   0.00721000
 0.97615000   0.01033000
 0.95985000   0.01377000
 0.94213000   0.01749000
 0.92316000   0.02152000
 0.90314000   0.02584000
 0.88227000   0.03039000
 0.86075000   0.03515000
 0.83875000   0.04005000
 0.81648000   0.04505000
 0.79409000   0.05011000
 0.77173000   0.05517000
 0.74937000   0.06023000
 0.72695000   0.06529000
 0.70451000   0.07032000
 0.68215000   0.07527000
 0.65994000   0.08013000
 0.63789000   0.08486000
 0.61601000   0.08945000
 0.59432000   0.09388000
 0.57280000   0.09813000
 0.55146000   0.10220000
 0.53034000   0.10606000
 0.50944000   0.10970000
 0.48881000   0.11310000
 0.46846000   0.11624000
 0.44841000   0.11910000
 0.42867000   0.12168000
 0.40925000   0.12395000
 0.39017000   0.12591000
 0.37146000   0.12755000
 0.35312000   0.12885000
 0.33518000   0.12981000
 0.31764000   0.13042000
 0.30051000   0.13067000
 0.28381000   0.13056000
 0.26754000   0.13008000
 0.25170000   0.12925000
 0.23633000   0.12807000
 0.22142000   0.12656000
 0.20702000   0.12473000
 0.19315000   0.12260000
 0.17982000   0.12017000
 0.16705000   0.11748000
 0.15486000   0.11456000
 0.14327000   0.11143000
 0.13227000   0.10813000
 0.12188000   0.10470000
 0.11210000   0.10115000
 0.10292000   0.09754000
 0.09433000   0.09387000
 0.08630000   0.09018000
 0.07881000   0.08647000
 0.07184000   0.08278000
 0.06536000   0.07911000
 0.05933000   0.07548000
 0.05374000   0.07188000
 0.04855000   0.06833000
 0.04374000   0.06482000
 0.03928000   0.06134000
 0.03515000   0.05792000
 0.03130000   0.05455000
 0.02770000   0.05128000
 0.02438000   0.04806000
 0.02132000   0.04488000
 0.01851000   0.04174000
 0.01593000   0.03863000
 0.01356000   0.03556000
 0.01140000   0.03252000
 0.00943000   0.02953000
 0.00765000   0.02657000
 0.00607000   0.02364000
 0.00469000   0.02074000
 0.00351000   0.01786000
 0.00252000   0.01501000
 0.00170000   0.01219000
 0.00104000   0.00941000
 0.00054000   0.00668000
 0.00020000   0.00402000
 0.00002000   0.00142000
 0.00001000  -0.00116000
 0.00018000  -0.00375000
 0.00055000  -0.00637000
 0.00116000  -0.00903000
 0.00202000  -0.01172000
 0.00313000  -0.01441000
 0.00444000  -0.01711000
 0.00595000  -0.01981000
 0.00764000  -0.02253000
 0.00952000  -0.02527000
 0.01160000  -0.02802000
 0.01388000  -0.03080000
 0.01638000  -0.03359000
 0.01910000  -0.03642000
 0.02202000  -0.03929000
 0.02517000  -0.04222000
 0.02857000  -0.04521000
 0.03223000  -0.04825000
 0.03617000  -0.05135000
 0.04042000  -0.05453000
 0.04499000  -0.05779000
 0.04992000  -0.06112000
 0.05522000  -0.06456000
 0.06091000  -0.06809000
 0.06705000  -0.07170000
 0.07366000  -0.07537000
 0.08077000  -0.07910000
 0.08842000  -0.08287000
 0.09663000  -0.08668000
 0.10542000  -0.09048000
 0.11481000  -0.09426000
 0.12479000  -0.09798000
 0.13537000  -0.10161000
 0.14653000  -0.10510000
 0.15827000  -0.10842000
 0.17055000  -0.11153000
 0.18334000  -0.11440000
 0.19661000  -0.11699000
 0.21033000  -0.11928000
 0.22445000  -0.12125000
 0.23894000  -0.12287000
 0.25377000  -0.12414000
 0.26890000  -0.12504000
 0.28428000  -0.12557000
 0.29989000  -0.12570000
 0.31570000  -0.12544000
 0.33169000  -0.12478000
 0.34785000  -0.12371000
 0.36415000  -0.12224000
 0.38060000  -0.12035000
 0.39719000  -0.11804000
 0.41393000  -0.11532000
 0.43083000  -0.11217000
 0.44790000  -0.10860000
 0.46516000  -0.10460000
 0.48267000  -0.10015000
 0.50045000  -0.09526000
 0.51857000  -0.08993000
 0.53706000  -0.08417000
 0.55595000  -0.07800000
 0.57523000  -0.07148000
 0.59483000  -0.06467000
 0.61460000  -0.05771000
 0.63431000  -0.05078000
 0.65371000  -0.04405000
 0.67267000  -0.03764000
 0.69114000  -0.03164000
 0.70913000  -0.02610000
 0.72669000  -0.02102000
 0.74384000  -0.01642000
 0.76063000  -0.01230000
 0.77712000  -0.00866000
 0.79338000  -0.00554000
 0.80949000  -0.00288000
 0.82548000  -0.00067000
 0.84135000   0.00111000
 0.85708000   0.00250000
 0.87266000   0.00346000
 0.88806000   0.00400000
 0.90330000   0.00409000
 0.91839000   0.00373000
 0.93334000   0.00295000
 0.94815000   0.00177000
 0.96275000   0.00024000
 0.97708000  -0.00160000
 0.99102000  -0.00360000
 1.00000000  -0.00494000
