FFA-W3-330blend_FFA-W3-301_blend_t31.5
       170   NumCoords         ! Number of coordinates including the reference point.
! x-y coordinate of airfoil reference
0.25        0
! coordinates of airfoil shape
 3.00000000  -330.00000000
 1.00000000   0.01076000
 0.98879000   0.01354000
 0.97026000   0.01808000
 0.94967000   0.02308000
 0.92728000   0.02855000
 0.90344000   0.03449000
 0.87840000   0.04083000
 0.85257000   0.04744000
 0.82622000   0.05422000
 0.79944000   0.06113000
 0.77240000   0.06809000
 0.74524000   0.07504000
 0.71819000   0.08190000
 0.69134000   0.08860000
 0.66477000   0.09512000
 0.63850000   0.10142000
 0.61255000   0.10750000
 0.58698000   0.11332000
 0.56183000   0.11885000
 0.53716000   0.12409000
 0.51303000   0.12899000
 0.48950000   0.13354000
 0.46661000   0.13771000
 0.44437000   0.14147000
 0.42277000   0.14482000
 0.40181000   0.14776000
 0.38152000   0.15029000
 0.36189000   0.15240000
 0.34293000   0.15409000
 0.32464000   0.15537000
 0.30703000   0.15625000
 0.29013000   0.15675000
 0.27390000   0.15686000
 0.25833000   0.15660000
 0.24341000   0.15598000
 0.22912000   0.15502000
 0.21545000   0.15374000
 0.20237000   0.15215000
 0.18986000   0.15025000
 0.17790000   0.14807000
 0.16646000   0.14563000
 0.15552000   0.14292000
 0.14508000   0.14000000
 0.13511000   0.13687000
 0.12560000   0.13355000
 0.11656000   0.13007000
 0.10797000   0.12643000
 0.09981000   0.12266000
 0.09208000   0.11877000
 0.08476000   0.11479000
 0.07784000   0.11073000
 0.07130000   0.10660000
 0.06515000   0.10242000
 0.05936000   0.09821000
 0.05392000   0.09397000
 0.04882000   0.08972000
 0.04404000   0.08547000
 0.03957000   0.08123000
 0.03541000   0.07700000
 0.03154000   0.07280000
 0.02794000   0.06861000
 0.02460000   0.06447000
 0.02152000   0.06035000
 0.01868000   0.05628000
 0.01607000   0.05226000
 0.01368000   0.04827000
 0.01152000   0.04433000
 0.00958000   0.04044000
 0.00785000   0.03659000
 0.00633000   0.03278000
 0.00500000   0.02902000
 0.00386000   0.02530000
 0.00289000   0.02165000
 0.00206000   0.01807000
 0.00136000   0.01454000
 0.00079000   0.01108000
 0.00038000   0.00770000
 0.00011000   0.00441000
-0.00000000   0.00119000
 0.00004000  -0.00201000
 0.00023000  -0.00525000
 0.00059000  -0.00858000
 0.00111000  -0.01199000
 0.00179000  -0.01545000
 0.00262000  -0.01897000
 0.00360000  -0.02254000
 0.00477000  -0.02617000
 0.00613000  -0.02984000
 0.00770000  -0.03355000
 0.00946000  -0.03731000
 0.01145000  -0.04111000
 0.01366000  -0.04495000
 0.01609000  -0.04884000
 0.01874000  -0.05277000
 0.02163000  -0.05676000
 0.02476000  -0.06079000
 0.02815000  -0.06488000
 0.03180000  -0.06900000
 0.03574000  -0.07316000
 0.03998000  -0.07735000
 0.04453000  -0.08158000
 0.04941000  -0.08583000
 0.05462000  -0.09010000
 0.06019000  -0.09438000
 0.06614000  -0.09866000
 0.07246000  -0.10294000
 0.07918000  -0.10719000
 0.08632000  -0.11139000
 0.09388000  -0.11554000
 0.10188000  -0.11961000
 0.11033000  -0.12358000
 0.11923000  -0.12744000
 0.12860000  -0.13117000
 0.13842000  -0.13474000
 0.14871000  -0.13814000
 0.15945000  -0.14133000
 0.17064000  -0.14430000
 0.18229000  -0.14701000
 0.19438000  -0.14946000
 0.20690000  -0.15162000
 0.21982000  -0.15348000
 0.23314000  -0.15502000
 0.24684000  -0.15621000
 0.26090000  -0.15704000
 0.27529000  -0.15751000
 0.29002000  -0.15758000
 0.30504000  -0.15726000
 0.32036000  -0.15654000
 0.33595000  -0.15540000
 0.35180000  -0.15383000
 0.36791000  -0.15183000
 0.38427000  -0.14938000
 0.40088000  -0.14647000
 0.41777000  -0.14310000
 0.43494000  -0.13924000
 0.45243000  -0.13489000
 0.47030000  -0.13002000
 0.48860000  -0.12460000
 0.50740000  -0.11863000
 0.52676000  -0.11209000
 0.54676000  -0.10495000
 0.56748000  -0.09720000
 0.58895000  -0.08888000
 0.61110000  -0.08008000
 0.63358000  -0.07106000
 0.65572000  -0.06220000
 0.67701000  -0.05382000
 0.69728000  -0.04609000
 0.71657000  -0.03906000
 0.73499000  -0.03271000
 0.75265000  -0.02701000
 0.76962000  -0.02193000
 0.78603000  -0.01747000
 0.80201000  -0.01358000
 0.81761000  -0.01020000
 0.83287000  -0.00732000
 0.84781000  -0.00492000
 0.86246000  -0.00299000
 0.87685000  -0.00154000
 0.89103000  -0.00055000
 0.90507000  -0.00005000
 0.91900000  -0.00000000
 0.93289000  -0.00042000
 0.94676000  -0.00129000
 0.96068000  -0.00268000
 0.97481000  -0.00477000
 0.98955000  -0.00769000
 1.00000000  -0.01013000
