FFA-W3-241_FFA-W3-211_blend_t23.5
       122   NumCoords         ! Number of coordinates including the reference point.
! x-y coordinate of airfoil reference
0.25        0
! coordinates of airfoil shape
 3.00000000  -241.00000000
 1.00000000   0.00336000
 0.98834000   0.00565000
 0.96847000   0.00951000
 0.94586000   0.01395000
 0.92093000   0.01891000
 0.89425000   0.02433000
 0.86639000   0.03011000
 0.83776000   0.03615000
 0.80867000   0.04237000
 0.77930000   0.04874000
 0.74972000   0.05521000
 0.72010000   0.06170000
 0.69061000   0.06813000
 0.66135000   0.07444000
 0.63240000   0.08056000
 0.60382000   0.08644000
 0.57558000   0.09201000
 0.54764000   0.09725000
 0.52001000   0.10215000
 0.49274000   0.10666000
 0.46588000   0.11074000
 0.43945000   0.11434000
 0.41347000   0.11743000
 0.38799000   0.11997000
 0.36305000   0.12192000
 0.33869000   0.12324000
 0.31492000   0.12391000
 0.29173000   0.12388000
 0.26910000   0.12314000
 0.24706000   0.12169000
 0.22564000   0.11955000
 0.20492000   0.11675000
 0.18501000   0.11333000
 0.16603000   0.10933000
 0.14811000   0.10485000
 0.13137000   0.09997000
 0.11591000   0.09482000
 0.10179000   0.08951000
 0.08903000   0.08413000
 0.07757000   0.07878000
 0.06734000   0.07351000
 0.05825000   0.06839000
 0.05017000   0.06341000
 0.04301000   0.05860000
 0.03666000   0.05394000
 0.03101000   0.04944000
 0.02600000   0.04509000
 0.02156000   0.04087000
 0.01764000   0.03675000
 0.01418000   0.03273000
 0.01114000   0.02882000
 0.00848000   0.02501000
 0.00623000   0.02127000
 0.00436000   0.01758000
 0.00285000   0.01394000
 0.00166000   0.01037000
 0.00078000   0.00692000
 0.00021000   0.00359000
 0.00000000   0.00031000
 0.00015000  -0.00298000
 0.00071000  -0.00630000
 0.00173000  -0.00964000
 0.00326000  -0.01297000
 0.00524000  -0.01628000
 0.00760000  -0.01960000
 0.01033000  -0.02293000
 0.01346000  -0.02628000
 0.01701000  -0.02968000
 0.02099000  -0.03316000
 0.02545000  -0.03673000
 0.03043000  -0.04042000
 0.03600000  -0.04426000
 0.04225000  -0.04825000
 0.04928000  -0.05244000
 0.05719000  -0.05683000
 0.06610000  -0.06142000
 0.07615000  -0.06622000
 0.08747000  -0.07119000
 0.10016000  -0.07628000
 0.11426000  -0.08140000
 0.12977000  -0.08644000
 0.14662000  -0.09128000
 0.16468000  -0.09577000
 0.18379000  -0.09981000
 0.20377000  -0.10330000
 0.22448000  -0.10616000
 0.24578000  -0.10836000
 0.26754000  -0.10986000
 0.28963000  -0.11066000
 0.31196000  -0.11071000
 0.33449000  -0.11002000
 0.35718000  -0.10859000
 0.38002000  -0.10640000
 0.40302000  -0.10345000
 0.42619000  -0.09975000
 0.44958000  -0.09529000
 0.47326000  -0.09006000
 0.49740000  -0.08402000
 0.52217000  -0.07722000
 0.54764000  -0.06972000
 0.57379000  -0.06164000
 0.60053000  -0.05313000
 0.62741000  -0.04454000
 0.65375000  -0.03628000
 0.67926000  -0.02861000
 0.70403000  -0.02167000
 0.72818000  -0.01547000
 0.75177000  -0.01006000
 0.77486000  -0.00547000
 0.79760000  -0.00174000
 0.82017000   0.00119000
 0.84261000   0.00336000
 0.86481000   0.00479000
 0.88668000   0.00548000
 0.90814000   0.00537000
 0.92919000   0.00449000
 0.94975000   0.00290000
 0.96961000   0.00077000
 0.98840000  -0.00160000
 1.00000000  -0.00312000
