FFA-W3-241_FFA-W3-211_blend_t23.8
       122   NumCoords         ! Number of coordinates including the reference point.
! x-y coordinate of airfoil reference
0.25        0
! coordinates of airfoil shape
 3.00000000  -241.00000000
 1.00000000   0.00368000
 0.98808000   0.00605000
 0.96781000   0.01009000
 0.94475000   0.01468000
 0.91932000   0.01981000
 0.89208000   0.02542000
 0.86357000   0.03139000
 0.83423000   0.03764000
 0.80438000   0.04407000
 0.77421000   0.05065000
 0.74384000   0.05731000
 0.71351000   0.06396000
 0.68336000   0.07052000
 0.65348000   0.07692000
 0.62397000   0.08311000
 0.59484000   0.08901000
 0.56607000   0.09459000
 0.53765000   0.09981000
 0.50958000   0.10465000
 0.48194000   0.10907000
 0.45474000   0.11302000
 0.42802000   0.11646000
 0.40182000   0.11936000
 0.37617000   0.12167000
 0.35113000   0.12336000
 0.32671000   0.12440000
 0.30294000   0.12476000
 0.27980000   0.12440000
 0.25731000   0.12334000
 0.23550000   0.12157000
 0.21443000   0.11914000
 0.19421000   0.11607000
 0.17494000   0.11242000
 0.15674000   0.10826000
 0.13970000   0.10368000
 0.12391000   0.09878000
 0.10942000   0.09368000
 0.09626000   0.08847000
 0.08438000   0.08323000
 0.07370000   0.07804000
 0.06415000   0.07293000
 0.05563000   0.06796000
 0.04802000   0.06311000
 0.04124000   0.05840000
 0.03518000   0.05382000
 0.02978000   0.04938000
 0.02496000   0.04506000
 0.02068000   0.04085000
 0.01689000   0.03673000
 0.01353000   0.03268000
 0.01057000   0.02874000
 0.00800000   0.02488000
 0.00581000   0.02108000
 0.00402000   0.01733000
 0.00258000   0.01361000
 0.00146000   0.00997000
 0.00065000   0.00645000
 0.00015000   0.00304000
-0.00000000  -0.00032000
 0.00021000  -0.00371000
 0.00084000  -0.00713000
 0.00194000  -0.01056000
 0.00355000  -0.01397000
 0.00559000  -0.01739000
 0.00800000  -0.02080000
 0.01078000  -0.02423000
 0.01395000  -0.02768000
 0.01754000  -0.03118000
 0.02156000  -0.03474000
 0.02604000  -0.03840000
 0.03103000  -0.04218000
 0.03658000  -0.04608000
 0.04278000  -0.05014000
 0.04971000  -0.05437000
 0.05747000  -0.05879000
 0.06617000  -0.06340000
 0.07592000  -0.06819000
 0.08685000  -0.07313000
 0.09906000  -0.07819000
 0.11260000  -0.08328000
 0.12750000  -0.08831000
 0.14372000  -0.09316000
 0.16119000  -0.09771000
 0.17976000  -0.10184000
 0.19929000  -0.10545000
 0.21964000  -0.10845000
 0.24067000  -0.11080000
 0.26225000  -0.11245000
 0.28425000  -0.11339000
 0.30656000  -0.11359000
 0.32913000  -0.11303000
 0.35191000  -0.11170000
 0.37487000  -0.10960000
 0.39801000  -0.10673000
 0.42135000  -0.10308000
 0.44494000  -0.09864000
 0.46880000  -0.09342000
 0.49311000  -0.08737000
 0.51802000  -0.08052000
 0.54365000  -0.07292000
 0.56999000  -0.06466000
 0.59700000  -0.05591000
 0.62429000  -0.04697000
 0.65108000  -0.03833000
 0.67699000  -0.03029000
 0.70207000  -0.02302000
 0.72645000  -0.01654000
 0.75021000  -0.01089000
 0.77342000  -0.00611000
 0.79624000  -0.00222000
 0.81890000   0.00082000
 0.84141000   0.00308000
 0.86369000   0.00458000
 0.88563000   0.00532000
 0.90717000   0.00525000
 0.92832000   0.00438000
 0.94902000   0.00277000
 0.96908000   0.00060000
 0.98815000  -0.00183000
 1.00000000  -0.00339000
