FFA-W3-330blend_FFA-W3-301_blend_t32.6
       170   NumCoords         ! Number of coordinates including the reference point.
! x-y coordinate of airfoil reference
0.25        0
! coordinates of airfoil shape
 3.00000000  -330.00000000
 1.00000000   0.01199000
 0.98805000   0.01505000
 0.96838000   0.02004000
 0.94668000   0.02546000
 0.92331000   0.03134000
 0.89869000   0.03765000
 0.87320000   0.04427000
 0.84737000   0.05104000
 0.82129000   0.05792000
 0.79487000   0.06489000
 0.76817000   0.07192000
 0.74131000   0.07895000
 0.71447000   0.08592000
 0.68775000   0.09275000
 0.66140000   0.09939000
 0.63527000   0.10583000
 0.60927000   0.11210000
 0.58357000   0.11814000
 0.55835000   0.12388000
 0.53371000   0.12929000
 0.50962000   0.13437000
 0.48599000   0.13912000
 0.46295000   0.14350000
 0.44054000   0.14747000
 0.41878000   0.15100000
 0.39769000   0.15409000
 0.37729000   0.15676000
 0.35759000   0.15898000
 0.33858000   0.16077000
 0.32029000   0.16213000
 0.30270000   0.16308000
 0.28584000   0.16362000
 0.26968000   0.16377000
 0.25421000   0.16353000
 0.23941000   0.16294000
 0.22525000   0.16199000
 0.21173000   0.16071000
 0.19881000   0.15912000
 0.18647000   0.15721000
 0.17468000   0.15502000
 0.16341000   0.15255000
 0.15264000   0.14983000
 0.14236000   0.14687000
 0.13255000   0.14370000
 0.12319000   0.14034000
 0.11430000   0.13680000
 0.10584000   0.13310000
 0.09780000   0.12925000
 0.09018000   0.12527000
 0.08296000   0.12119000
 0.07614000   0.11700000
 0.06969000   0.11273000
 0.06362000   0.10840000
 0.05790000   0.10400000
 0.05252000   0.09957000
 0.04748000   0.09512000
 0.04276000   0.09065000
 0.03836000   0.08618000
 0.03425000   0.08171000
 0.03043000   0.07726000
 0.02690000   0.07282000
 0.02363000   0.06841000
 0.02061000   0.06405000
 0.01784000   0.05972000
 0.01530000   0.05545000
 0.01298000   0.05123000
 0.01088000   0.04706000
 0.00901000   0.04295000
 0.00737000   0.03889000
 0.00596000   0.03486000
 0.00476000   0.03089000
 0.00373000   0.02698000
 0.00285000   0.02314000
 0.00209000   0.01938000
 0.00143000   0.01571000
 0.00087000   0.01211000
 0.00043000   0.00861000
 0.00015000   0.00522000
 0.00001000   0.00191000
 0.00003000  -0.00136000
 0.00020000  -0.00468000
 0.00053000  -0.00809000
 0.00101000  -0.01160000
 0.00162000  -0.01519000
 0.00233000  -0.01885000
 0.00317000  -0.02258000
 0.00418000  -0.02637000
 0.00539000  -0.03022000
 0.00679000  -0.03412000
 0.00839000  -0.03807000
 0.01021000  -0.04206000
 0.01226000  -0.04611000
 0.01454000  -0.05020000
 0.01704000  -0.05434000
 0.01977000  -0.05854000
 0.02273000  -0.06278000
 0.02595000  -0.06707000
 0.02944000  -0.07139000
 0.03321000  -0.07573000
 0.03728000  -0.08009000
 0.04165000  -0.08446000
 0.04635000  -0.08885000
 0.05139000  -0.09324000
 0.05677000  -0.09763000
 0.06252000  -0.10202000
 0.06863000  -0.10638000
 0.07513000  -0.11069000
 0.08205000  -0.11496000
 0.08938000  -0.11915000
 0.09715000  -0.12326000
 0.10537000  -0.12728000
 0.11405000  -0.13118000
 0.12319000  -0.13496000
 0.13281000  -0.13859000
 0.14291000  -0.14205000
 0.15347000  -0.14532000
 0.16451000  -0.14838000
 0.17603000  -0.15118000
 0.18801000  -0.15374000
 0.20044000  -0.15602000
 0.21330000  -0.15800000
 0.22657000  -0.15965000
 0.24024000  -0.16097000
 0.25429000  -0.16193000
 0.26869000  -0.16250000
 0.28343000  -0.16268000
 0.29850000  -0.16247000
 0.31388000  -0.16183000
 0.32954000  -0.16077000
 0.34548000  -0.15928000
 0.36169000  -0.15734000
 0.37816000  -0.15494000
 0.39488000  -0.15208000
 0.41188000  -0.14874000
 0.42916000  -0.14491000
 0.44677000  -0.14056000
 0.46477000  -0.13566000
 0.48322000  -0.13020000
 0.50217000  -0.12419000
 0.52170000  -0.11757000
 0.54185000  -0.11036000
 0.56270000  -0.10253000
 0.58430000  -0.09408000
 0.60662000  -0.08510000
 0.62934000  -0.07584000
 0.65185000  -0.06665000
 0.67362000  -0.05786000
 0.69440000  -0.04969000
 0.71414000  -0.04226000
 0.73294000  -0.03553000
 0.75092000  -0.02950000
 0.76816000  -0.02412000
 0.78480000  -0.01938000
 0.80095000  -0.01525000
 0.81669000  -0.01165000
 0.83203000  -0.00858000
 0.84703000  -0.00600000
 0.86169000  -0.00393000
 0.87609000  -0.00235000
 0.89028000  -0.00126000
 0.90431000  -0.00066000
 0.91824000  -0.00054000
 0.93212000  -0.00089000
 0.94600000  -0.00171000
 0.95992000  -0.00308000
 0.97411000  -0.00523000
 0.98908000  -0.00842000
 1.00000000  -0.01122000
