FFA-W3-301_FFA-W3-270blend_blend_t27.3
       170   NumCoords         ! Number of coordinates including the reference point.
! x-y coordinate of airfoil reference
0.25        0
! coordinates of airfoil shape
 3.00000000  -301.00000000
 1.00000000   0.00681000
 0.99047000   0.00892000
 0.97479000   0.01238000
 0.95746000   0.01619000
 0.93857000   0.02034000
 0.91835000   0.02484000
 0.89698000   0.02968000
 0.87466000   0.03480000
 0.85162000   0.04014000
 0.82799000   0.04566000
 0.80399000   0.05128000
 0.77979000   0.05696000
 0.75554000   0.06264000
 0.73140000   0.06827000
 0.70743000   0.07380000
 0.68367000   0.07920000
 0.66012000   0.08447000
 0.63680000   0.08958000
 0.61375000   0.09451000
 0.59097000   0.09924000
 0.56843000   0.10376000
 0.54618000   0.10805000
 0.52423000   0.11211000
 0.50260000   0.11591000
 0.48133000   0.11944000
 0.46045000   0.12267000
 0.43994000   0.12559000
 0.41981000   0.12819000
 0.40007000   0.13047000
 0.38076000   0.13240000
 0.36188000   0.13399000
 0.34347000   0.13523000
 0.32553000   0.13611000
 0.30807000   0.13663000
 0.29112000   0.13678000
 0.27467000   0.13658000
 0.25873000   0.13601000
 0.24330000   0.13509000
 0.22837000   0.13384000
 0.21401000   0.13227000
 0.20021000   0.13039000
 0.18696000   0.12821000
 0.17425000   0.12575000
 0.16210000   0.12304000
 0.15052000   0.12010000
 0.13950000   0.11695000
 0.12904000   0.11363000
 0.11913000   0.11017000
 0.10979000   0.10659000
 0.10099000   0.10293000
 0.09272000   0.09920000
 0.08497000   0.09543000
 0.07772000   0.09163000
 0.07093000   0.08782000
 0.06460000   0.08403000
 0.05870000   0.08025000
 0.05322000   0.07650000
 0.04812000   0.07276000
 0.04338000   0.06905000
 0.03897000   0.06538000
 0.03485000   0.06177000
 0.03103000   0.05821000
 0.02748000   0.05472000
 0.02419000   0.05129000
 0.02115000   0.04790000
 0.01834000   0.04457000
 0.01576000   0.04127000
 0.01339000   0.03803000
 0.01124000   0.03482000
 0.00929000   0.03166000
 0.00754000   0.02853000
 0.00600000   0.02543000
 0.00464000   0.02235000
 0.00348000   0.01931000
 0.00249000   0.01630000
 0.00167000   0.01333000
 0.00101000   0.01042000
 0.00052000   0.00756000
 0.00019000   0.00476000
 0.00001000   0.00201000
 0.00000000  -0.00072000
 0.00016000  -0.00346000
 0.00049000  -0.00622000
 0.00102000  -0.00902000
 0.00175000  -0.01187000
 0.00271000  -0.01475000
 0.00390000  -0.01766000
 0.00529000  -0.02058000
 0.00688000  -0.02354000
 0.00865000  -0.02652000
 0.01061000  -0.02952000
 0.01277000  -0.03256000
 0.01513000  -0.03564000
 0.01771000  -0.03876000
 0.02052000  -0.04192000
 0.02357000  -0.04514000
 0.02686000  -0.04841000
 0.03041000  -0.05175000
 0.03424000  -0.05516000
 0.03837000  -0.05864000
 0.04281000  -0.06220000
 0.04760000  -0.06585000
 0.05275000  -0.06959000
 0.05827000  -0.07343000
 0.06419000  -0.07734000
 0.07053000  -0.08130000
 0.07734000  -0.08529000
 0.08465000  -0.08932000
 0.09246000  -0.09335000
 0.10079000  -0.09738000
 0.10966000  -0.10137000
 0.11905000  -0.10529000
 0.12898000  -0.10912000
 0.13945000  -0.11280000
 0.15044000  -0.11632000
 0.16193000  -0.11964000
 0.17390000  -0.12272000
 0.18633000  -0.12554000
 0.19921000  -0.12807000
 0.21252000  -0.13029000
 0.22623000  -0.13219000
 0.24030000  -0.13374000
 0.25472000  -0.13493000
 0.26946000  -0.13575000
 0.28449000  -0.13620000
 0.29976000  -0.13626000
 0.31528000  -0.13592000
 0.33101000  -0.13517000
 0.34694000  -0.13402000
 0.36305000  -0.13245000
 0.37933000  -0.13046000
 0.39579000  -0.12805000
 0.41243000  -0.12521000
 0.42927000  -0.12193000
 0.44632000  -0.11822000
 0.46359000  -0.11405000
 0.48113000  -0.10944000
 0.49896000  -0.10435000
 0.51716000  -0.09879000
 0.53580000  -0.09274000
 0.55494000  -0.08622000
 0.57457000  -0.07927000
 0.59470000  -0.07192000
 0.61523000  -0.06431000
 0.63576000  -0.05668000
 0.65586000  -0.04930000
 0.67531000  -0.04233000
 0.69409000  -0.03585000
 0.71227000  -0.02990000
 0.72991000  -0.02446000
 0.74706000  -0.01954000
 0.76373000  -0.01513000
 0.77999000  -0.01127000
 0.79598000  -0.00794000
 0.81181000  -0.00509000
 0.82751000  -0.00268000
 0.84306000  -0.00071000
 0.85844000   0.00084000
 0.87364000   0.00196000
 0.88864000   0.00263000
 0.90350000   0.00285000
 0.91824000   0.00261000
 0.93291000   0.00192000
 0.94751000   0.00082000
 0.96200000  -0.00068000
 0.97637000  -0.00260000
 0.99064000  -0.00482000
 1.00000000  -0.00641000
