FFA-W3-241_FFA-W3-211_blend_t23.2
       122   NumCoords         ! Number of coordinates including the reference point.
! x-y coordinate of airfoil reference
0.25        0
! coordinates of airfoil shape
 3.00000000  -241.00000000
 1.00000000   0.00316000
 0.98852000   0.00537000
 0.96895000   0.00913000
 0.94664000   0.01345000
 0.92203000   0.01830000
 0.89572000   0.02361000
 0.86827000   0.02926000
 0.84009000   0.03517000
 0.81149000   0.04125000
 0.78263000   0.04748000
 0.75356000   0.05382000
 0.72442000   0.06021000
 0.69537000   0.06656000
 0.66651000   0.07279000
 0.63793000   0.07887000
 0.60970000   0.08472000
 0.58181000   0.09029000
 0.55421000   0.09554000
 0.52688000   0.10046000
 0.49988000   0.10503000
 0.47325000   0.10918000
 0.44703000   0.11288000
 0.42122000   0.11608000
 0.39588000   0.11876000
 0.37104000   0.12088000
 0.34674000   0.12239000
 0.32301000   0.12326000
 0.29983000   0.12344000
 0.27717000   0.12293000
 0.25504000   0.12171000
 0.23347000   0.11979000
 0.21249000   0.11719000
 0.19223000   0.11394000
 0.17280000   0.11009000
 0.15433000   0.10571000
 0.13697000   0.10088000
 0.12084000   0.09572000
 0.10603000   0.09035000
 0.09261000   0.08489000
 0.08055000   0.07942000
 0.06979000   0.07404000
 0.06024000   0.06879000
 0.05180000   0.06371000
 0.04434000   0.05881000
 0.03774000   0.05408000
 0.03190000   0.04952000
 0.02674000   0.04514000
 0.02218000   0.04090000
 0.01816000   0.03677000
 0.01462000   0.03276000
 0.01151000   0.02887000
 0.00881000   0.02508000
 0.00650000   0.02138000
 0.00458000   0.01773000
 0.00302000   0.01413000
 0.00179000   0.01061000
 0.00086000   0.00720000
 0.00026000   0.00392000
 0.00001000   0.00070000
 0.00012000  -0.00253000
 0.00064000  -0.00579000
 0.00161000  -0.00908000
 0.00308000  -0.01235000
 0.00502000  -0.01560000
 0.00735000  -0.01886000
 0.01006000  -0.02212000
 0.01316000  -0.02542000
 0.01669000  -0.02876000
 0.02066000  -0.03217000
 0.02511000  -0.03569000
 0.03010000  -0.03934000
 0.03571000  -0.04313000
 0.04201000  -0.04709000
 0.04913000  -0.05125000
 0.05718000  -0.05563000
 0.06628000  -0.06023000
 0.07659000  -0.06505000
 0.08824000  -0.07005000
 0.10132000  -0.07516000
 0.11586000  -0.08030000
 0.13184000  -0.08535000
 0.14915000  -0.09015000
 0.16762000  -0.09459000
 0.18708000  -0.09855000
 0.20735000  -0.10193000
 0.22827000  -0.10467000
 0.24972000  -0.10675000
 0.27156000  -0.10814000
 0.29367000  -0.10882000
 0.31598000  -0.10877000
 0.33846000  -0.10799000
 0.36107000  -0.10647000
 0.38381000  -0.10422000
 0.40669000  -0.10122000
 0.42973000  -0.09748000
 0.45298000  -0.09300000
 0.47652000  -0.08775000
 0.50055000  -0.08172000
 0.52522000  -0.07495000
 0.55058000  -0.06753000
 0.57660000  -0.05956000
 0.60314000  -0.05122000
 0.62974000  -0.04286000
 0.65576000  -0.03486000
 0.68100000  -0.02745000
 0.70555000  -0.02073000
 0.72953000  -0.01473000
 0.75299000  -0.00948000
 0.77598000  -0.00503000
 0.79865000  -0.00140000
 0.82115000   0.00145000
 0.84352000   0.00356000
 0.86566000   0.00494000
 0.88746000   0.00558000
 0.90885000   0.00546000
 0.92982000   0.00457000
 0.95028000   0.00299000
 0.97000000   0.00088000
 0.98857000  -0.00145000
 1.00000000  -0.00294000
