FFA-W3-241_FFA-W3-211_blend_t23.7
       122   NumCoords         ! Number of coordinates including the reference point.
! x-y coordinate of airfoil reference
0.25        0
! coordinates of airfoil shape
 3.00000000  -241.00000000
 1.00000000   0.00357000
 0.98817000   0.00592000
 0.96804000   0.00989000
 0.94513000   0.01443000
 0.91987000   0.01951000
 0.89283000   0.02505000
 0.86454000   0.03096000
 0.83544000   0.03713000
 0.80586000   0.04349000
 0.77596000   0.05000000
 0.74586000   0.05660000
 0.71577000   0.06320000
 0.68585000   0.06971000
 0.65618000   0.07608000
 0.62686000   0.08224000
 0.59792000   0.08814000
 0.56933000   0.09371000
 0.54107000   0.09895000
 0.51315000   0.10381000
 0.48563000   0.10826000
 0.45854000   0.11226000
 0.43192000   0.11575000
 0.40579000   0.11871000
 0.38019000   0.12111000
 0.35518000   0.12289000
 0.33077000   0.12403000
 0.30700000   0.12449000
 0.28383000   0.12424000
 0.26128000   0.12329000
 0.23938000   0.12163000
 0.21817000   0.11929000
 0.19776000   0.11631000
 0.17827000   0.11273000
 0.15978000   0.10862000
 0.14244000   0.10407000
 0.12633000   0.09917000
 0.11152000   0.09405000
 0.09804000   0.08880000
 0.08587000   0.08351000
 0.07494000   0.07827000
 0.06517000   0.07311000
 0.05647000   0.06809000
 0.04871000   0.06320000
 0.04181000   0.05845000
 0.03566000   0.05385000
 0.03018000   0.04939000
 0.02530000   0.04507000
 0.02097000   0.04085000
 0.01714000   0.03673000
 0.01375000   0.03270000
 0.01076000   0.02876000
 0.00816000   0.02492000
 0.00595000   0.02115000
 0.00413000   0.01742000
 0.00267000   0.01372000
 0.00153000   0.01011000
 0.00069000   0.00661000
 0.00017000   0.00323000
-0.00000000  -0.00011000
 0.00019000  -0.00346000
 0.00079000  -0.00684000
 0.00187000  -0.01024000
 0.00345000  -0.01363000
 0.00547000  -0.01701000
 0.00786000  -0.02039000
 0.01062000  -0.02378000
 0.01378000  -0.02720000
 0.01735000  -0.03067000
 0.02136000  -0.03420000
 0.02583000  -0.03783000
 0.03081000  -0.04158000
 0.03637000  -0.04546000
 0.04259000  -0.04949000
 0.04955000  -0.05371000
 0.05736000  -0.05812000
 0.06612000  -0.06273000
 0.07597000  -0.06752000
 0.08703000  -0.07247000
 0.09939000  -0.07754000
 0.11312000  -0.08264000
 0.12822000  -0.08768000
 0.14465000  -0.09253000
 0.16232000  -0.09706000
 0.18108000  -0.10117000
 0.20076000  -0.10473000
 0.22124000  -0.10769000
 0.24237000  -0.10999000
 0.26402000  -0.11159000
 0.28605000  -0.11249000
 0.30837000  -0.11263000
 0.33093000  -0.11203000
 0.35369000  -0.11066000
 0.37661000  -0.10853000
 0.39970000  -0.10563000
 0.42300000  -0.10196000
 0.44651000  -0.09752000
 0.47031000  -0.09229000
 0.49456000  -0.08625000
 0.51943000  -0.07941000
 0.54500000  -0.07184000
 0.57129000  -0.06364000
 0.59820000  -0.05497000
 0.62536000  -0.04614000
 0.65200000  -0.03763000
 0.67777000  -0.02972000
 0.70275000  -0.02256000
 0.72705000  -0.01618000
 0.75075000  -0.01061000
 0.77391000  -0.00589000
 0.79671000  -0.00206000
 0.81934000   0.00095000
 0.84182000   0.00318000
 0.86408000   0.00465000
 0.88599000   0.00537000
 0.90751000   0.00529000
 0.92862000   0.00441000
 0.94927000   0.00281000
 0.96927000   0.00065000
 0.98823000  -0.00175000
 1.00000000  -0.00330000
