FFA-W3-270blend_FFA-W3-241_blend_t26.3
       170   NumCoords         ! Number of coordinates including the reference point.
! x-y coordinate of airfoil reference
0.25        0
! coordinates of airfoil shape
 3.00000000  -270.00000000
 1.00000000   0.00592000
 0.99062000   0.00794000
 0.97528000   0.01124000
 0.95840000   0.01487000
 0.94008000   0.01879000
 0.92053000   0.02303000
 0.89996000   0.02756000
 0.87857000   0.03232000
 0.85655000   0.03729000
 0.83410000   0.04240000
 0.81143000   0.04757000
 0.78878000   0.05278000
 0.76626000   0.05794000
 0.74377000   0.06310000
 0.72118000   0.06825000
 0.69859000   0.07335000
 0.67611000   0.07836000
 0.65382000   0.08325000
 0.63167000   0.08801000
 0.60969000   0.09263000
 0.58788000   0.09707000
 0.56615000   0.10135000
 0.54457000   0.10545000
 0.52319000   0.10933000
 0.50205000   0.11298000
 0.48120000   0.11637000
 0.46068000   0.11949000
 0.44047000   0.12230000
 0.42061000   0.12482000
 0.40111000   0.12702000
 0.38199000   0.12890000
 0.36327000   0.13044000
 0.34497000   0.13164000
 0.32710000   0.13248000
 0.30967000   0.13296000
 0.29271000   0.13309000
 0.27620000   0.13285000
 0.26016000   0.13226000
 0.24460000   0.13131000
 0.22953000   0.13003000
 0.21497000   0.12843000
 0.20096000   0.12651000
 0.18748000   0.12429000
 0.17455000   0.12179000
 0.16219000   0.11904000
 0.15040000   0.11608000
 0.13920000   0.11290000
 0.12857000   0.10958000
 0.11854000   0.10611000
 0.10909000   0.10254000
 0.10021000   0.09890000
 0.09188000   0.09520000
 0.08410000   0.09148000
 0.07683000   0.08774000
 0.07004000   0.08401000
 0.06373000   0.08029000
 0.05785000   0.07660000
 0.05239000   0.07295000
 0.04731000   0.06933000
 0.04260000   0.06574000
 0.03823000   0.06219000
 0.03419000   0.05867000
 0.03041000   0.05523000
 0.02686000   0.05188000
 0.02358000   0.04860000
 0.02057000   0.04534000
 0.01781000   0.04212000
 0.01527000   0.03894000
 0.01295000   0.03579000
 0.01084000   0.03268000
 0.00891000   0.02961000
 0.00717000   0.02657000
 0.00564000   0.02357000
 0.00432000   0.02059000
 0.00319000   0.01763000
 0.00225000   0.01471000
 0.00147000   0.01182000
 0.00086000   0.00897000
 0.00042000   0.00618000
 0.00013000   0.00346000
 0.00000000   0.00079000
 0.00004000  -0.00187000
 0.00026000  -0.00454000
 0.00069000  -0.00726000
 0.00136000  -0.01002000
 0.00228000  -0.01279000
 0.00343000  -0.01558000
 0.00478000  -0.01838000
 0.00631000  -0.02120000
 0.00804000  -0.02404000
 0.00995000  -0.02690000
 0.01207000  -0.02978000
 0.01440000  -0.03268000
 0.01695000  -0.03561000
 0.01972000  -0.03858000
 0.02269000  -0.04161000
 0.02591000  -0.04469000
 0.02938000  -0.04783000
 0.03312000  -0.05103000
 0.03715000  -0.05430000
 0.04149000  -0.05764000
 0.04616000  -0.06106000
 0.05119000  -0.06457000
 0.05659000  -0.06819000
 0.06239000  -0.07190000
 0.06863000  -0.07566000
 0.07534000  -0.07948000
 0.08254000  -0.08335000
 0.09027000  -0.08725000
 0.09854000  -0.09116000
 0.10737000  -0.09506000
 0.11676000  -0.09891000
 0.12672000  -0.10268000
 0.13725000  -0.10634000
 0.14833000  -0.10985000
 0.15995000  -0.11317000
 0.17209000  -0.11628000
 0.18471000  -0.11913000
 0.19780000  -0.12170000
 0.21131000  -0.12397000
 0.22523000  -0.12590000
 0.23952000  -0.12750000
 0.25416000  -0.12874000
 0.26909000  -0.12961000
 0.28430000  -0.13011000
 0.29974000  -0.13021000
 0.31541000  -0.12992000
 0.33127000  -0.12923000
 0.34732000  -0.12813000
 0.36353000  -0.12662000
 0.37989000  -0.12470000
 0.39643000  -0.12235000
 0.41312000  -0.11957000
 0.42999000  -0.11638000
 0.44705000  -0.11275000
 0.46431000  -0.10869000
 0.48183000  -0.10417000
 0.49964000  -0.09920000
 0.51779000  -0.09377000
 0.53634000  -0.08789000
 0.55531000  -0.08158000
 0.57469000  -0.07488000
 0.59441000  -0.06788000
 0.61431000  -0.06071000
 0.63415000  -0.05356000
 0.65373000  -0.04658000
 0.67285000  -0.03993000
 0.69144000  -0.03371000
 0.70952000  -0.02797000
 0.72711000  -0.02271000
 0.74427000  -0.01796000
 0.76102000  -0.01369000
 0.77743000  -0.00992000
 0.79360000  -0.00668000
 0.80959000  -0.00392000
 0.82545000  -0.00160000
 0.84119000   0.00028000
 0.85678000   0.00176000
 0.87221000   0.00281000
 0.88748000   0.00342000
 0.90259000   0.00359000
 0.91760000   0.00330000
 0.93250000   0.00257000
 0.94731000   0.00143000
 0.96198000  -0.00010000
 0.97649000  -0.00198000
 0.99073000  -0.00410000
 1.00000000  -0.00555000
