FFA-W3-360_FFA-W3-330blend_blend_t33.5
       170   NumCoords         ! Number of coordinates including the reference point.
! x-y coordinate of airfoil reference
0.25        0
! coordinates of airfoil shape
 3.00000000  -360.00000000
 1.00000000   0.01281000
 0.98782000   0.01604000
 0.96761000   0.02132000
 0.94507000   0.02712000
 0.92050000   0.03346000
 0.89427000   0.04035000
 0.86660000   0.04771000
 0.83794000   0.05539000
 0.80864000   0.06329000
 0.77897000   0.07126000
 0.74928000   0.07921000
 0.71988000   0.08701000
 0.69087000   0.09461000
 0.66222000   0.10199000
 0.63404000   0.10912000
 0.60639000   0.11595000
 0.57928000   0.12246000
 0.55278000   0.12862000
 0.52694000   0.13441000
 0.50182000   0.13980000
 0.47749000   0.14476000
 0.45401000   0.14925000
 0.43136000   0.15327000
 0.40950000   0.15680000
 0.38841000   0.15987000
 0.36810000   0.16248000
 0.34859000   0.16461000
 0.32983000   0.16630000
 0.31183000   0.16755000
 0.29459000   0.16837000
 0.27811000   0.16879000
 0.26236000   0.16882000
 0.24732000   0.16847000
 0.23296000   0.16776000
 0.21926000   0.16673000
 0.20619000   0.16537000
 0.19373000   0.16369000
 0.18182000   0.16173000
 0.17046000   0.15949000
 0.15960000   0.15699000
 0.14924000   0.15425000
 0.13933000   0.15128000
 0.12987000   0.14810000
 0.12084000   0.14475000
 0.11225000   0.14123000
 0.10409000   0.13755000
 0.09633000   0.13373000
 0.08896000   0.12977000
 0.08196000   0.12570000
 0.07534000   0.12153000
 0.06908000   0.11727000
 0.06316000   0.11294000
 0.05759000   0.10854000
 0.05234000   0.10409000
 0.04740000   0.09960000
 0.04277000   0.09509000
 0.03843000   0.09057000
 0.03439000   0.08604000
 0.03063000   0.08152000
 0.02714000   0.07701000
 0.02391000   0.07252000
 0.02092000   0.06806000
 0.01817000   0.06362000
 0.01563000   0.05923000
 0.01332000   0.05489000
 0.01122000   0.05063000
 0.00934000   0.04643000
 0.00769000   0.04229000
 0.00627000   0.03819000
 0.00506000   0.03413000
 0.00403000   0.03008000
 0.00315000   0.02607000
 0.00239000   0.02211000
 0.00173000   0.01823000
 0.00115000   0.01447000
 0.00065000   0.01083000
 0.00028000   0.00731000
 0.00006000   0.00387000
 0.00002000   0.00046000
 0.00014000  -0.00297000
 0.00040000  -0.00646000
 0.00080000  -0.01003000
 0.00133000  -0.01371000
 0.00197000  -0.01748000
 0.00272000  -0.02135000
 0.00361000  -0.02528000
 0.00465000  -0.02926000
 0.00585000  -0.03327000
 0.00726000  -0.03730000
 0.00890000  -0.04136000
 0.01076000  -0.04547000
 0.01286000  -0.04964000
 0.01517000  -0.05387000
 0.01770000  -0.05815000
 0.02045000  -0.06247000
 0.02343000  -0.06682000
 0.02666000  -0.07119000
 0.03017000  -0.07558000
 0.03395000  -0.07997000
 0.03802000  -0.08438000
 0.04240000  -0.08878000
 0.04709000  -0.09319000
 0.05211000  -0.09759000
 0.05746000  -0.10197000
 0.06316000  -0.10633000
 0.06921000  -0.11065000
 0.07564000  -0.11491000
 0.08246000  -0.11911000
 0.08969000  -0.12323000
 0.09735000  -0.12726000
 0.10544000  -0.13120000
 0.11399000  -0.13503000
 0.12299000  -0.13873000
 0.13246000  -0.14230000
 0.14240000  -0.14570000
 0.15280000  -0.14892000
 0.16368000  -0.15192000
 0.17503000  -0.15470000
 0.18686000  -0.15723000
 0.19914000  -0.15950000
 0.21185000  -0.16148000
 0.22498000  -0.16314000
 0.23850000  -0.16447000
 0.25241000  -0.16544000
 0.26668000  -0.16604000
 0.28130000  -0.16625000
 0.29625000  -0.16607000
 0.31152000  -0.16547000
 0.32711000  -0.16444000
 0.34299000  -0.16298000
 0.35914000  -0.16107000
 0.37556000  -0.15871000
 0.39225000  -0.15588000
 0.40922000  -0.15257000
 0.42649000  -0.14875000
 0.44410000  -0.14440000
 0.46214000  -0.13950000
 0.48070000  -0.13401000
 0.49981000  -0.12793000
 0.51955000  -0.12123000
 0.53995000  -0.11390000
 0.56113000  -0.10590000
 0.58317000  -0.09723000
 0.60610000  -0.08792000
 0.62967000  -0.07821000
 0.65317000  -0.06850000
 0.67575000  -0.05926000
 0.69703000  -0.05078000
 0.71708000  -0.04312000
 0.73604000  -0.03625000
 0.75407000  -0.03013000
 0.77129000  -0.02471000
 0.78786000  -0.01994000
 0.80392000  -0.01578000
 0.81954000  -0.01215000
 0.83472000  -0.00906000
 0.84950000  -0.00648000
 0.86391000  -0.00441000
 0.87805000  -0.00284000
 0.89198000  -0.00177000
 0.90575000  -0.00116000
 0.91942000  -0.00103000
 0.93306000  -0.00137000
 0.94670000  -0.00218000
 0.96034000  -0.00355000
 0.97422000  -0.00572000
 0.98905000  -0.00897000
 1.00000000  -0.01195000
