FFA-W3-301_FFA-W3-270blend_blend_t28.5
       170   NumCoords         ! Number of coordinates including the reference point.
! x-y coordinate of airfoil reference
0.25        0
! coordinates of airfoil shape
 3.00000000  -301.00000000
 1.00000000   0.00786000
 0.98997000   0.01016000
 0.97345000   0.01391000
 0.95514000   0.01804000
 0.93520000   0.02256000
 0.91388000   0.02746000
 0.89135000   0.03275000
 0.86783000   0.03832000
 0.84356000   0.04414000
 0.81870000   0.05013000
 0.79351000   0.05621000
 0.76821000   0.06230000
 0.74300000   0.06835000
 0.71799000   0.07430000
 0.69322000   0.08011000
 0.66871000   0.08576000
 0.64446000   0.09123000
 0.62049000   0.09651000
 0.59682000   0.10157000
 0.57346000   0.10641000
 0.55041000   0.11101000
 0.52772000   0.11535000
 0.50541000   0.11941000
 0.48354000   0.12319000
 0.46212000   0.12663000
 0.44114000   0.12974000
 0.42061000   0.13251000
 0.40053000   0.13494000
 0.38095000   0.13701000
 0.36188000   0.13871000
 0.34333000   0.14005000
 0.32531000   0.14101000
 0.30783000   0.14162000
 0.29093000   0.14185000
 0.27459000   0.14171000
 0.25881000   0.14122000
 0.24357000   0.14037000
 0.22888000   0.13920000
 0.21476000   0.13770000
 0.20122000   0.13590000
 0.18824000   0.13380000
 0.17579000   0.13141000
 0.16387000   0.12878000
 0.15250000   0.12590000
 0.14167000   0.12282000
 0.13136000   0.11955000
 0.12157000   0.11613000
 0.11231000   0.11257000
 0.10355000   0.10890000
 0.09529000   0.10515000
 0.08752000   0.10133000
 0.08021000   0.09748000
 0.07336000   0.09359000
 0.06694000   0.08969000
 0.06093000   0.08580000
 0.05532000   0.08192000
 0.05009000   0.07806000
 0.04522000   0.07422000
 0.04068000   0.07041000
 0.03646000   0.06663000
 0.03252000   0.06289000
 0.02886000   0.05921000
 0.02547000   0.05558000
 0.02233000   0.05200000
 0.01943000   0.04846000
 0.01676000   0.04497000
 0.01432000   0.04152000
 0.01209000   0.03811000
 0.01005000   0.03475000
 0.00823000   0.03143000
 0.00660000   0.02815000
 0.00517000   0.02490000
 0.00394000   0.02168000
 0.00288000   0.01850000
 0.00199000   0.01535000
 0.00127000   0.01226000
 0.00071000   0.00923000
 0.00032000   0.00626000
 0.00007000   0.00335000
-0.00001000   0.00047000
 0.00006000  -0.00239000
 0.00030000  -0.00528000
 0.00072000  -0.00821000
 0.00132000  -0.01119000
 0.00214000  -0.01422000
 0.00316000  -0.01728000
 0.00440000  -0.02039000
 0.00583000  -0.02352000
 0.00744000  -0.02667000
 0.00925000  -0.02986000
 0.01125000  -0.03309000
 0.01346000  -0.03635000
 0.01589000  -0.03966000
 0.01854000  -0.04301000
 0.02142000  -0.04640000
 0.02455000  -0.04986000
 0.02792000  -0.05337000
 0.03156000  -0.05695000
 0.03549000  -0.06059000
 0.03971000  -0.06430000
 0.04426000  -0.06809000
 0.04914000  -0.07195000
 0.05438000  -0.07589000
 0.05999000  -0.07989000
 0.06600000  -0.08394000
 0.07243000  -0.08802000
 0.07932000  -0.09212000
 0.08667000  -0.09623000
 0.09449000  -0.10034000
 0.10280000  -0.10440000
 0.11161000  -0.10841000
 0.12092000  -0.11232000
 0.13072000  -0.11612000
 0.14102000  -0.11976000
 0.15182000  -0.12323000
 0.16308000  -0.12649000
 0.17480000  -0.12951000
 0.18696000  -0.13226000
 0.19957000  -0.13473000
 0.21259000  -0.13690000
 0.22601000  -0.13875000
 0.23980000  -0.14026000
 0.25394000  -0.14142000
 0.26841000  -0.14221000
 0.28319000  -0.14263000
 0.29823000  -0.14266000
 0.31354000  -0.14230000
 0.32909000  -0.14153000
 0.34486000  -0.14036000
 0.36083000  -0.13878000
 0.37700000  -0.13676000
 0.39337000  -0.13432000
 0.40996000  -0.13145000
 0.42677000  -0.12813000
 0.44382000  -0.12436000
 0.46111000  -0.12014000
 0.47870000  -0.11544000
 0.49663000  -0.11026000
 0.51497000  -0.10458000
 0.53379000  -0.09838000
 0.55315000  -0.09168000
 0.57308000  -0.08449000
 0.59359000  -0.07686000
 0.61456000  -0.06891000
 0.63558000  -0.06091000
 0.65618000  -0.05314000
 0.67609000  -0.04580000
 0.69523000  -0.03899000
 0.71366000  -0.03276000
 0.73147000  -0.02708000
 0.74874000  -0.02194000
 0.76546000  -0.01735000
 0.78172000  -0.01331000
 0.79765000  -0.00982000
 0.81338000  -0.00681000
 0.82893000  -0.00425000
 0.84428000  -0.00213000
 0.85942000  -0.00044000
 0.87434000   0.00080000
 0.88908000   0.00159000
 0.90366000   0.00192000
 0.91814000   0.00179000
 0.93258000   0.00121000
 0.94700000   0.00019000
 0.96136000  -0.00127000
 0.97574000  -0.00323000
 0.99027000  -0.00564000
 1.00000000  -0.00744000
