FFA-W3-241_FFA-W3-211_blend_t21.3
       122   NumCoords         ! Number of coordinates including the reference point.
! x-y coordinate of airfoil reference
0.25        0
! coordinates of airfoil shape
 3.00000000  -241.00000000
 1.00000000   0.00152000
 0.98972000   0.00331000
 0.97193000   0.00633000
 0.95152000   0.00989000
 0.92894000   0.01400000
 0.90493000   0.01852000
 0.88005000   0.02334000
 0.85474000   0.02837000
 0.82912000   0.03358000
 0.80344000   0.03890000
 0.77767000   0.04436000
 0.75173000   0.04996000
 0.72566000   0.05564000
 0.69951000   0.06136000
 0.67346000   0.06704000
 0.64757000   0.07262000
 0.62194000   0.07807000
 0.59661000   0.08330000
 0.57150000   0.08828000
 0.54650000   0.09301000
 0.52165000   0.09749000
 0.49705000   0.10166000
 0.47271000   0.10549000
 0.44863000   0.10893000
 0.42485000   0.11196000
 0.40143000   0.11453000
 0.37834000   0.11659000
 0.35564000   0.11813000
 0.33341000   0.11909000
 0.31161000   0.11940000
 0.29011000   0.11906000
 0.26890000   0.11805000
 0.24799000   0.11636000
 0.22734000   0.11397000
 0.20694000   0.11090000
 0.18690000   0.10719000
 0.16736000   0.10285000
 0.14845000   0.09793000
 0.13036000   0.09251000
 0.11330000   0.08668000
 0.09750000   0.08059000
 0.08318000   0.07442000
 0.07046000   0.06832000
 0.05934000   0.06241000
 0.04973000   0.05680000
 0.04148000   0.05150000
 0.03442000   0.04653000
 0.02837000   0.04188000
 0.02318000   0.03751000
 0.01872000   0.03339000
 0.01489000   0.02947000
 0.01160000   0.02575000
 0.00881000   0.02218000
 0.00645000   0.01874000
 0.00448000   0.01539000
 0.00288000   0.01213000
 0.00162000   0.00898000
 0.00071000   0.00598000
 0.00017000   0.00308000
 0.00002000   0.00021000
 0.00027000  -0.00267000
 0.00093000  -0.00559000
 0.00206000  -0.00852000
 0.00371000  -0.01141000
 0.00585000  -0.01426000
 0.00844000  -0.01710000
 0.01145000  -0.01995000
 0.01493000  -0.02285000
 0.01892000  -0.02585000
 0.02350000  -0.02899000
 0.02876000  -0.03229000
 0.03483000  -0.03580000
 0.04189000  -0.03955000
 0.05014000  -0.04357000
 0.05981000  -0.04791000
 0.07112000  -0.05256000
 0.08423000  -0.05749000
 0.09917000  -0.06257000
 0.11586000  -0.06766000
 0.13400000  -0.07258000
 0.15327000  -0.07717000
 0.17335000  -0.08131000
 0.19399000  -0.08492000
 0.21505000  -0.08793000
 0.23642000  -0.09035000
 0.25800000  -0.09217000
 0.27970000  -0.09338000
 0.30143000  -0.09397000
 0.32316000  -0.09392000
 0.34491000  -0.09323000
 0.36667000  -0.09190000
 0.38846000  -0.08993000
 0.41030000  -0.08733000
 0.43219000  -0.08409000
 0.45418000  -0.08021000
 0.47640000  -0.07567000
 0.49909000  -0.07046000
 0.52243000  -0.06463000
 0.54641000  -0.05831000
 0.57095000  -0.05162000
 0.59579000  -0.04473000
 0.62055000  -0.03789000
 0.64494000  -0.03130000
 0.66883000  -0.02513000
 0.69229000  -0.01943000
 0.71542000  -0.01425000
 0.73831000  -0.00960000
 0.76097000  -0.00549000
 0.78335000  -0.00196000
 0.80551000   0.00095000
 0.82751000   0.00324000
 0.84935000   0.00491000
 0.87100000   0.00596000
 0.89236000   0.00637000
 0.91332000   0.00613000
 0.93381000   0.00524000
 0.95364000   0.00375000
 0.97249000   0.00183000
 0.98974000  -0.00021000
 1.00000000  -0.00149000
