FFA-W3-330blend_FFA-W3-301_blend_t30.5
       170   NumCoords         ! Number of coordinates including the reference point.
! x-y coordinate of airfoil reference
0.25        0
! coordinates of airfoil shape
 3.00000000  -330.00000000
 1.00000000   0.00977000
 0.98931000   0.01235000
 0.97160000   0.01658000
 0.95183000   0.02126000
 0.93022000   0.02642000
 0.90702000   0.03206000
 0.88244000   0.03815000
 0.85677000   0.04458000
 0.83030000   0.05127000
 0.80331000   0.05810000
 0.77610000   0.06497000
 0.74894000   0.07180000
 0.72200000   0.07850000
 0.69538000   0.08502000
 0.66908000   0.09134000
 0.64312000   0.09744000
 0.61752000   0.10330000
 0.59227000   0.10891000
 0.56745000   0.11425000
 0.54306000   0.11930000
 0.51917000   0.12404000
 0.49583000   0.12844000
 0.47309000   0.13248000
 0.45095000   0.13614000
 0.42941000   0.13940000
 0.40846000   0.14228000
 0.38814000   0.14476000
 0.36845000   0.14684000
 0.34940000   0.14852000
 0.33099000   0.14980000
 0.31324000   0.15069000
 0.29616000   0.15121000
 0.27975000   0.15135000
 0.26398000   0.15112000
 0.24884000   0.15054000
 0.23432000   0.14961000
 0.22040000   0.14837000
 0.20707000   0.14682000
 0.19431000   0.14497000
 0.18210000   0.14284000
 0.17042000   0.14044000
 0.15924000   0.13778000
 0.14857000   0.13491000
 0.13837000   0.13183000
 0.12866000   0.12857000
 0.11942000   0.12515000
 0.11064000   0.12158000
 0.10230000   0.11788000
 0.09440000   0.11408000
 0.08693000   0.11020000
 0.07987000   0.10624000
 0.07321000   0.10224000
 0.06694000   0.09820000
 0.06104000   0.09413000
 0.05550000   0.09006000
 0.05031000   0.08598000
 0.04545000   0.08191000
 0.04090000   0.07785000
 0.03666000   0.07381000
 0.03271000   0.06979000
 0.02903000   0.06581000
 0.02561000   0.06186000
 0.02245000   0.05794000
 0.01954000   0.05406000
 0.01686000   0.05021000
 0.01441000   0.04640000
 0.01217000   0.04263000
 0.01014000   0.03890000
 0.00832000   0.03521000
 0.00669000   0.03156000
 0.00526000   0.02795000
 0.00403000   0.02438000
 0.00297000   0.02086000
 0.00208000   0.01739000
 0.00135000   0.01397000
 0.00078000   0.01060000
 0.00036000   0.00729000
 0.00010000   0.00407000
-0.00001000   0.00091000
 0.00003000  -0.00224000
 0.00023000  -0.00543000
 0.00060000  -0.00869000
 0.00114000  -0.01201000
 0.00186000  -0.01538000
 0.00276000  -0.01879000
 0.00384000  -0.02224000
 0.00512000  -0.02573000
 0.00659000  -0.02926000
 0.00826000  -0.03283000
 0.01014000  -0.03643000
 0.01223000  -0.04008000
 0.01454000  -0.04376000
 0.01707000  -0.04748000
 0.01983000  -0.05125000
 0.02283000  -0.05506000
 0.02608000  -0.05893000
 0.02958000  -0.06284000
 0.03335000  -0.06681000
 0.03741000  -0.07082000
 0.04177000  -0.07488000
 0.04644000  -0.07898000
 0.05144000  -0.08312000
 0.05680000  -0.08729000
 0.06251000  -0.09149000
 0.06861000  -0.09570000
 0.07509000  -0.09992000
 0.08199000  -0.10412000
 0.08931000  -0.10829000
 0.09706000  -0.11242000
 0.10525000  -0.11646000
 0.11388000  -0.12042000
 0.12297000  -0.12426000
 0.13251000  -0.12796000
 0.14250000  -0.13150000
 0.15294000  -0.13486000
 0.16383000  -0.13800000
 0.17514000  -0.14091000
 0.18690000  -0.14355000
 0.19908000  -0.14593000
 0.21167000  -0.14802000
 0.22465000  -0.14980000
 0.23801000  -0.15124000
 0.25174000  -0.15235000
 0.26582000  -0.15310000
 0.28023000  -0.15349000
 0.29494000  -0.15349000
 0.30995000  -0.15310000
 0.32524000  -0.15231000
 0.34079000  -0.15111000
 0.35659000  -0.14949000
 0.37264000  -0.14744000
 0.38893000  -0.14495000
 0.40549000  -0.14202000
 0.42231000  -0.13862000
 0.43941000  -0.13475000
 0.45683000  -0.13040000
 0.47461000  -0.12554000
 0.49281000  -0.12016000
 0.51150000  -0.11423000
 0.53076000  -0.10773000
 0.55066000  -0.10065000
 0.57127000  -0.09298000
 0.59260000  -0.08478000
 0.61454000  -0.07615000
 0.63668000  -0.06738000
 0.65836000  -0.05885000
 0.67919000  -0.05082000
 0.69904000  -0.04343000
 0.71798000  -0.03671000
 0.73613000  -0.03064000
 0.75357000  -0.02518000
 0.77036000  -0.02031000
 0.78662000  -0.01604000
 0.80248000  -0.01232000
 0.81801000  -0.00911000
 0.83323000  -0.00637000
 0.84816000  -0.00409000
 0.86282000  -0.00227000
 0.87723000  -0.00090000
 0.89144000   0.00000000
 0.90550000   0.00044000
 0.91947000   0.00043000
 0.93338000  -0.00004000
 0.94729000  -0.00095000
 0.96122000  -0.00235000
 0.97533000  -0.00438000
 0.98989000  -0.00709000
 1.00000000  -0.00926000
