FFA-W3-270blend_FFA-W3-241_blend_t26.8
       170   NumCoords         ! Number of coordinates including the reference point.
! x-y coordinate of airfoil reference
0.25        0
! coordinates of airfoil shape
 3.00000000  -270.00000000
 1.00000000   0.00631000
 0.99044000   0.00840000
 0.97479000   0.01180000
 0.95757000   0.01555000
 0.93890000   0.01959000
 0.91899000   0.02395000
 0.89810000   0.02862000
 0.87639000   0.03352000
 0.85407000   0.03861000
 0.83135000   0.04384000
 0.80847000   0.04913000
 0.78568000   0.05441000
 0.76309000   0.05964000
 0.74053000   0.06485000
 0.71784000   0.07005000
 0.69516000   0.07520000
 0.67262000   0.08024000
 0.65031000   0.08514000
 0.62811000   0.08992000
 0.60608000   0.09454000
 0.58418000   0.09901000
 0.56229000   0.10331000
 0.54053000   0.10743000
 0.51897000   0.11132000
 0.49766000   0.11499000
 0.47666000   0.11838000
 0.45600000   0.12148000
 0.43567000   0.12428000
 0.41572000   0.12676000
 0.39616000   0.12892000
 0.37701000   0.13074000
 0.35828000   0.13222000
 0.34001000   0.13335000
 0.32219000   0.13412000
 0.30484000   0.13453000
 0.28797000   0.13458000
 0.27160000   0.13427000
 0.25572000   0.13361000
 0.24035000   0.13259000
 0.22548000   0.13125000
 0.21115000   0.12959000
 0.19737000   0.12762000
 0.18415000   0.12536000
 0.17147000   0.12282000
 0.15936000   0.12005000
 0.14782000   0.11706000
 0.13686000   0.11386000
 0.12646000   0.11052000
 0.11664000   0.10704000
 0.10738000   0.10346000
 0.09868000   0.09980000
 0.09051000   0.09609000
 0.08287000   0.09235000
 0.07572000   0.08859000
 0.06905000   0.08484000
 0.06283000   0.08109000
 0.05704000   0.07737000
 0.05165000   0.07368000
 0.04663000   0.07002000
 0.04198000   0.06639000
 0.03766000   0.06279000
 0.03366000   0.05921000
 0.02992000   0.05571000
 0.02640000   0.05232000
 0.02314000   0.04899000
 0.02016000   0.04568000
 0.01741000   0.04241000
 0.01490000   0.03918000
 0.01260000   0.03598000
 0.01051000   0.03281000
 0.00861000   0.02969000
 0.00690000   0.02660000
 0.00540000   0.02355000
 0.00410000   0.02051000
 0.00300000   0.01751000
 0.00208000   0.01453000
 0.00134000   0.01159000
 0.00076000   0.00869000
 0.00035000   0.00586000
 0.00010000   0.00309000
-0.00000000   0.00036000
 0.00007000  -0.00235000
 0.00032000  -0.00509000
 0.00078000  -0.00788000
 0.00150000  -0.01070000
 0.00246000  -0.01354000
 0.00364000  -0.01640000
 0.00501000  -0.01927000
 0.00656000  -0.02217000
 0.00831000  -0.02508000
 0.01025000  -0.02803000
 0.01240000  -0.03100000
 0.01477000  -0.03398000
 0.01736000  -0.03700000
 0.02016000  -0.04007000
 0.02318000  -0.04320000
 0.02645000  -0.04638000
 0.02997000  -0.04962000
 0.03377000  -0.05292000
 0.03787000  -0.05629000
 0.04227000  -0.05974000
 0.04702000  -0.06327000
 0.05212000  -0.06690000
 0.05758000  -0.07063000
 0.06345000  -0.07444000
 0.06976000  -0.07830000
 0.07653000  -0.08221000
 0.08379000  -0.08616000
 0.09157000  -0.09013000
 0.09988000  -0.09409000
 0.10873000  -0.09803000
 0.11812000  -0.10192000
 0.12807000  -0.10571000
 0.13856000  -0.10939000
 0.14958000  -0.11289000
 0.16113000  -0.11621000
 0.17317000  -0.11930000
 0.18569000  -0.12213000
 0.19865000  -0.12468000
 0.21205000  -0.12692000
 0.22584000  -0.12883000
 0.24000000  -0.13041000
 0.25451000  -0.13163000
 0.26933000  -0.13247000
 0.28442000  -0.13295000
 0.29976000  -0.13303000
 0.31534000  -0.13272000
 0.33112000  -0.13200000
 0.34710000  -0.13088000
 0.36325000  -0.12935000
 0.37957000  -0.12740000
 0.39607000  -0.12502000
 0.41273000  -0.12221000
 0.42960000  -0.11899000
 0.44665000  -0.11532000
 0.46393000  -0.11121000
 0.48146000  -0.10664000
 0.49930000  -0.10161000
 0.51748000  -0.09611000
 0.53608000  -0.09015000
 0.55511000  -0.08374000
 0.57457000  -0.07693000
 0.59439000  -0.06980000
 0.61439000  -0.06248000
 0.63434000  -0.05518000
 0.65404000  -0.04804000
 0.67327000  -0.04124000
 0.69195000  -0.03489000
 0.71008000  -0.02903000
 0.72770000  -0.02367000
 0.74485000  -0.01882000
 0.76158000  -0.01447000
 0.77794000  -0.01063000
 0.79403000  -0.00733000
 0.80994000  -0.00451000
 0.82572000  -0.00213000
 0.84136000  -0.00020000
 0.85685000   0.00132000
 0.87218000   0.00241000
 0.88735000   0.00307000
 0.90237000   0.00327000
 0.91730000   0.00301000
 0.93215000   0.00231000
 0.94693000   0.00120000
 0.96161000  -0.00032000
 0.97618000  -0.00222000
 0.99057000  -0.00441000
 1.00000000  -0.00593000
