FFA-W3-270blend_FFA-W3-241_blend_t25.5
       170   NumCoords         ! Number of coordinates including the reference point.
! x-y coordinate of airfoil reference
0.25        0
! coordinates of airfoil shape
 3.00000000  -270.00000000
 1.00000000   0.00516000
 0.99101000   0.00705000
 0.97632000   0.01015000
 0.96013000   0.01355000
 0.94252000   0.01723000
 0.92367000   0.02122000
 0.90376000   0.02549000
 0.88299000   0.03001000
 0.86157000   0.03472000
 0.83968000   0.03958000
 0.81749000   0.04454000
 0.79517000   0.04956000
 0.77285000   0.05460000
 0.75052000   0.05963000
 0.72813000   0.06468000
 0.70572000   0.06969000
 0.68339000   0.07463000
 0.66120000   0.07948000
 0.63917000   0.08420000
 0.61731000   0.08879000
 0.59566000   0.09322000
 0.57418000   0.09747000
 0.55288000   0.10153000
 0.53180000   0.10539000
 0.51095000   0.10902000
 0.49036000   0.11242000
 0.47005000   0.11557000
 0.45003000   0.11844000
 0.43031000   0.12103000
 0.41091000   0.12331000
 0.39184000   0.12529000
 0.37313000   0.12695000
 0.35479000   0.12827000
 0.33684000   0.12926000
 0.31928000   0.12988000
 0.30212000   0.13016000
 0.28538000   0.13007000
 0.26906000   0.12962000
 0.25318000   0.12882000
 0.23774000   0.12765000
 0.22277000   0.12616000
 0.20830000   0.12436000
 0.19435000   0.12224000
 0.18094000   0.11983000
 0.16808000   0.11715000
 0.15581000   0.11424000
 0.14413000   0.11112000
 0.13306000   0.10783000
 0.12260000   0.10440000
 0.11275000   0.10087000
 0.10350000   0.09726000
 0.09485000   0.09360000
 0.08677000   0.08991000
 0.07924000   0.08621000
 0.07223000   0.08253000
 0.06571000   0.07887000
 0.05966000   0.07525000
 0.05404000   0.07167000
 0.04882000   0.06813000
 0.04398000   0.06463000
 0.03951000   0.06118000
 0.03536000   0.05776000
 0.03149000   0.05442000
 0.02789000   0.05116000
 0.02455000   0.04796000
 0.02148000   0.04480000
 0.01866000   0.04166000
 0.01607000   0.03857000
 0.01370000   0.03551000
 0.01153000   0.03249000
 0.00955000   0.02951000
 0.00775000   0.02657000
 0.00616000   0.02366000
 0.00477000   0.02077000
 0.00359000   0.01790000
 0.00258000   0.01507000
 0.00175000   0.01226000
 0.00108000   0.00949000
 0.00057000   0.00678000
 0.00022000   0.00413000
 0.00003000   0.00154000
 0.00001000  -0.00102000
 0.00016000  -0.00359000
 0.00052000  -0.00620000
 0.00112000  -0.00884000
 0.00197000  -0.01151000
 0.00307000  -0.01418000
 0.00438000  -0.01686000
 0.00588000  -0.01954000
 0.00756000  -0.02224000
 0.00944000  -0.02495000
 0.01151000  -0.02768000
 0.01378000  -0.03043000
 0.01627000  -0.03320000
 0.01898000  -0.03599000
 0.02189000  -0.03884000
 0.02503000  -0.04174000
 0.02841000  -0.04469000
 0.03206000  -0.04770000
 0.03599000  -0.05077000
 0.04022000  -0.05392000
 0.04477000  -0.05714000
 0.04967000  -0.06044000
 0.05495000  -0.06384000
 0.06063000  -0.06733000
 0.06674000  -0.07091000
 0.07333000  -0.07454000
 0.08043000  -0.07824000
 0.08806000  -0.08199000
 0.09626000  -0.08577000
 0.10504000  -0.08955000
 0.11442000  -0.09331000
 0.12440000  -0.09702000
 0.13499000  -0.10063000
 0.14617000  -0.10412000
 0.15793000  -0.10744000
 0.17024000  -0.11055000
 0.18306000  -0.11342000
 0.19637000  -0.11602000
 0.21012000  -0.11831000
 0.22428000  -0.12028000
 0.23882000  -0.12191000
 0.25369000  -0.12318000
 0.26885000  -0.12409000
 0.28427000  -0.12462000
 0.29991000  -0.12476000
 0.31575000  -0.12451000
 0.33177000  -0.12385000
 0.34795000  -0.12279000
 0.36427000  -0.12133000
 0.38073000  -0.11945000
 0.39734000  -0.11715000
 0.41408000  -0.11443000
 0.43099000  -0.11130000
 0.44806000  -0.10774000
 0.46532000  -0.10376000
 0.48283000  -0.09932000
 0.50061000  -0.09445000
 0.51872000  -0.08914000
 0.53720000  -0.08340000
 0.55607000  -0.07726000
 0.57533000  -0.07077000
 0.59491000  -0.06400000
 0.61466000  -0.05709000
 0.63433000  -0.05021000
 0.65370000  -0.04352000
 0.67263000  -0.03716000
 0.69107000  -0.03121000
 0.70905000  -0.02571000
 0.72660000  -0.02067000
 0.74375000  -0.01610000
 0.76055000  -0.01201000
 0.77705000  -0.00840000
 0.79333000  -0.00530000
 0.80946000  -0.00267000
 0.82548000  -0.00048000
 0.84138000   0.00129000
 0.85714000   0.00265000
 0.87275000   0.00360000
 0.88817000   0.00412000
 0.90343000   0.00419000
 0.91854000   0.00382000
 0.93351000   0.00303000
 0.94831000   0.00184000
 0.96289000   0.00031000
 0.97719000  -0.00152000
 0.99107000  -0.00350000
 1.00000000  -0.00481000
