FFA-W3-301_FFA-W3-270blend_blend_t30.1
       170   NumCoords         ! Number of coordinates including the reference point.
! x-y coordinate of airfoil reference
0.25        0
! coordinates of airfoil shape
 3.00000000  -301.00000000
 1.00000000   0.00934000
 0.98951000   0.01185000
 0.97208000   0.01596000
 0.95260000   0.02052000
 0.93128000   0.02555000
 0.90838000   0.03107000
 0.88401000   0.03704000
 0.85852000   0.04336000
 0.83217000   0.04996000
 0.80525000   0.05672000
 0.77807000   0.06353000
 0.75094000   0.07029000
 0.72407000   0.07692000
 0.69753000   0.08337000
 0.67130000   0.08962000
 0.64543000   0.09564000
 0.61990000   0.10143000
 0.59472000   0.10698000
 0.56995000   0.11225000
 0.54560000   0.11724000
 0.52172000   0.12192000
 0.49839000   0.12627000
 0.47566000   0.13027000
 0.45353000   0.13388000
 0.43196000   0.13711000
 0.41098000   0.13996000
 0.39060000   0.14242000
 0.37086000   0.14449000
 0.35175000   0.14615000
 0.33327000   0.14743000
 0.31543000   0.14832000
 0.29826000   0.14883000
 0.28177000   0.14897000
 0.26593000   0.14875000
 0.25070000   0.14816000
 0.23608000   0.14724000
 0.22205000   0.14601000
 0.20863000   0.14447000
 0.19579000   0.14263000
 0.18350000   0.14050000
 0.17173000   0.13811000
 0.16047000   0.13548000
 0.14970000   0.13262000
 0.13943000   0.12956000
 0.12965000   0.12632000
 0.12033000   0.12292000
 0.11148000   0.11938000
 0.10308000   0.11572000
 0.09512000   0.11195000
 0.08760000   0.10811000
 0.08049000   0.10420000
 0.07379000   0.10025000
 0.06748000   0.09627000
 0.06155000   0.09227000
 0.05598000   0.08826000
 0.05076000   0.08426000
 0.04587000   0.08027000
 0.04131000   0.07629000
 0.03704000   0.07233000
 0.03306000   0.06840000
 0.02936000   0.06451000
 0.02593000   0.06064000
 0.02275000   0.05681000
 0.01981000   0.05301000
 0.01711000   0.04925000
 0.01464000   0.04551000
 0.01238000   0.04182000
 0.01032000   0.03816000
 0.00846000   0.03455000
 0.00680000   0.03097000
 0.00534000   0.02744000
 0.00407000   0.02394000
 0.00299000   0.02047000
 0.00208000   0.01704000
 0.00134000   0.01366000
 0.00077000   0.01034000
 0.00036000   0.00709000
 0.00010000   0.00390000
-0.00001000   0.00076000
 0.00004000  -0.00238000
 0.00024000  -0.00553000
 0.00061000  -0.00874000
 0.00116000  -0.01200000
 0.00189000  -0.01532000
 0.00282000  -0.01869000
 0.00395000  -0.02209000
 0.00526000  -0.02553000
 0.00678000  -0.02899000
 0.00849000  -0.03248000
 0.01041000  -0.03601000
 0.01254000  -0.03958000
 0.01489000  -0.04319000
 0.01746000  -0.04684000
 0.02026000  -0.05054000
 0.02330000  -0.05428000
 0.02659000  -0.05807000
 0.03014000  -0.06191000
 0.03396000  -0.06580000
 0.03807000  -0.06975000
 0.04249000  -0.07375000
 0.04721000  -0.07780000
 0.05228000  -0.08189000
 0.05769000  -0.08603000
 0.06347000  -0.09019000
 0.06964000  -0.09437000
 0.07620000  -0.09856000
 0.08318000  -0.10275000
 0.09058000  -0.10690000
 0.09842000  -0.11101000
 0.10669000  -0.11505000
 0.11541000  -0.11900000
 0.12458000  -0.12283000
 0.13420000  -0.12651000
 0.14427000  -0.13004000
 0.15477000  -0.13337000
 0.16571000  -0.13649000
 0.17708000  -0.13937000
 0.18888000  -0.14199000
 0.20110000  -0.14433000
 0.21372000  -0.14638000
 0.22673000  -0.14813000
 0.24012000  -0.14954000
 0.25387000  -0.15061000
 0.26796000  -0.15133000
 0.28238000  -0.15168000
 0.29710000  -0.15165000
 0.31211000  -0.15123000
 0.32740000  -0.15041000
 0.34295000  -0.14918000
 0.35873000  -0.14754000
 0.37475000  -0.14547000
 0.39103000  -0.14296000
 0.40756000  -0.14001000
 0.42436000  -0.13660000
 0.44145000  -0.13273000
 0.45883000  -0.12838000
 0.47657000  -0.12353000
 0.49472000  -0.11815000
 0.51337000  -0.11224000
 0.53257000  -0.10576000
 0.55241000  -0.09871000
 0.57296000  -0.09109000
 0.59424000  -0.08293000
 0.61609000  -0.07438000
 0.63805000  -0.06574000
 0.65954000  -0.05735000
 0.68018000  -0.04947000
 0.69984000  -0.04223000
 0.71861000  -0.03565000
 0.73664000  -0.02970000
 0.75402000  -0.02433000
 0.77072000  -0.01956000
 0.78687000  -0.01539000
 0.80266000  -0.01176000
 0.81816000  -0.00861000
 0.83338000  -0.00594000
 0.84832000  -0.00371000
 0.86299000  -0.00194000
 0.87741000  -0.00061000
 0.89162000   0.00025000
 0.90568000   0.00067000
 0.91965000   0.00062000
 0.93359000   0.00013000
 0.94752000  -0.00080000
 0.96144000  -0.00220000
 0.97550000  -0.00420000
 0.99001000  -0.00681000
 1.00000000  -0.00888000
