FFA-W3-241_FFA-W3-211_blend_t23.6
       122   NumCoords         ! Number of coordinates including the reference point.
! x-y coordinate of airfoil reference
0.25        0
! coordinates of airfoil shape
 3.00000000  -241.00000000
 1.00000000   0.00347000
 0.98825000   0.00578000
 0.96826000   0.00970000
 0.94550000   0.01419000
 0.92041000   0.01921000
 0.89355000   0.02469000
 0.86548000   0.03053000
 0.83662000   0.03664000
 0.80729000   0.04292000
 0.77765000   0.04936000
 0.74782000   0.05590000
 0.71797000   0.06244000
 0.68827000   0.06892000
 0.65880000   0.07525000
 0.62967000   0.08140000
 0.60091000   0.08728000
 0.57249000   0.09285000
 0.54439000   0.09810000
 0.51662000   0.10297000
 0.48923000   0.10746000
 0.46226000   0.11149000
 0.43573000   0.11504000
 0.40967000   0.11807000
 0.38413000   0.12054000
 0.35915000   0.12241000
 0.33477000   0.12365000
 0.31099000   0.12421000
 0.28780000   0.12407000
 0.26521000   0.12323000
 0.24324000   0.12167000
 0.22191000   0.11943000
 0.20134000   0.11654000
 0.18162000   0.11303000
 0.16288000   0.10898000
 0.14525000   0.10446000
 0.12882000   0.09957000
 0.11368000   0.09443000
 0.09988000   0.08915000
 0.08742000   0.08381000
 0.07623000   0.07851000
 0.06624000   0.07331000
 0.05734000   0.06823000
 0.04943000   0.06330000
 0.04240000   0.05852000
 0.03615000   0.05389000
 0.03059000   0.04941000
 0.02564000   0.04507000
 0.02126000   0.04086000
 0.01739000   0.03674000
 0.01396000   0.03271000
 0.01095000   0.02879000
 0.00832000   0.02497000
 0.00609000   0.02121000
 0.00424000   0.01750000
 0.00276000   0.01383000
 0.00159000   0.01024000
 0.00073000   0.00677000
 0.00019000   0.00341000
-0.00000000   0.00011000
 0.00017000  -0.00321000
 0.00075000  -0.00657000
 0.00180000  -0.00994000
 0.00335000  -0.01329000
 0.00535000  -0.01664000
 0.00773000  -0.01999000
 0.01047000  -0.02335000
 0.01362000  -0.02674000
 0.01718000  -0.03017000
 0.02117000  -0.03367000
 0.02564000  -0.03727000
 0.03062000  -0.04099000
 0.03618000  -0.04485000
 0.04242000  -0.04887000
 0.04941000  -0.05307000
 0.05726000  -0.05747000
 0.06610000  -0.06207000
 0.07605000  -0.06686000
 0.08724000  -0.07182000
 0.09976000  -0.07690000
 0.11367000  -0.08202000
 0.12898000  -0.08706000
 0.14562000  -0.09190000
 0.16348000  -0.09642000
 0.18242000  -0.10049000
 0.20226000  -0.10402000
 0.22285000  -0.10693000
 0.24407000  -0.10917000
 0.26578000  -0.11073000
 0.28785000  -0.11157000
 0.31017000  -0.11167000
 0.33272000  -0.11102000
 0.35545000  -0.10962000
 0.37833000  -0.10746000
 0.40137000  -0.10454000
 0.42461000  -0.10086000
 0.44806000  -0.09641000
 0.47180000  -0.09117000
 0.49599000  -0.08513000
 0.52081000  -0.07831000
 0.54633000  -0.07078000
 0.57255000  -0.06263000
 0.59938000  -0.05404000
 0.62640000  -0.04534000
 0.65288000  -0.03695000
 0.67853000  -0.02916000
 0.70340000  -0.02211000
 0.72762000  -0.01582000
 0.75127000  -0.01034000
 0.77439000  -0.00568000
 0.79716000  -0.00189000
 0.81976000   0.00107000
 0.84222000   0.00327000
 0.86445000   0.00472000
 0.88634000   0.00542000
 0.90783000   0.00533000
 0.92891000   0.00445000
 0.94951000   0.00286000
 0.96944000   0.00071000
 0.98832000  -0.00168000
 1.00000000  -0.00321000
