FFA-W3-270blend_FFA-W3-241_blend_t24.2
       170   NumCoords         ! Number of coordinates including the reference point.
! x-y coordinate of airfoil reference
0.25        0
! coordinates of airfoil shape
 3.00000000  -270.00000000
 1.00000000   0.00401000
 0.99144000   0.00575000
 0.97742000   0.00860000
 0.96197000   0.01172000
 0.94515000   0.01513000
 0.92712000   0.01880000
 0.90807000   0.02273000
 0.88821000   0.02689000
 0.86771000   0.03123000
 0.84673000   0.03571000
 0.82542000   0.04031000
 0.80385000   0.04500000
 0.78212000   0.04977000
 0.76027000   0.05457000
 0.73839000   0.05939000
 0.71655000   0.06419000
 0.69480000   0.06894000
 0.67319000   0.07362000
 0.65173000   0.07820000
 0.63046000   0.08267000
 0.60938000   0.08699000
 0.58849000   0.09116000
 0.56779000   0.09515000
 0.54728000   0.09897000
 0.52695000   0.10258000
 0.50683000   0.10600000
 0.48693000   0.10919000
 0.46726000   0.11214000
 0.44784000   0.11484000
 0.42867000   0.11727000
 0.40977000   0.11942000
 0.39115000   0.12128000
 0.37284000   0.12284000
 0.35484000   0.12407000
 0.33717000   0.12498000
 0.31983000   0.12553000
 0.30284000   0.12574000
 0.28619000   0.12559000
 0.26989000   0.12508000
 0.25395000   0.12420000
 0.23840000   0.12298000
 0.22325000   0.12142000
 0.20854000   0.11953000
 0.19431000   0.11733000
 0.18059000   0.11484000
 0.16742000   0.11209000
 0.15482000   0.10910000
 0.14283000   0.10591000
 0.13148000   0.10255000
 0.12077000   0.09906000
 0.11071000   0.09549000
 0.10131000   0.09186000
 0.09254000   0.08820000
 0.08439000   0.08453000
 0.07682000   0.08087000
 0.06981000   0.07725000
 0.06332000   0.07368000
 0.05731000   0.07016000
 0.05176000   0.06669000
 0.04662000   0.06329000
 0.04188000   0.05994000
 0.03749000   0.05665000
 0.03343000   0.05342000
 0.02968000   0.05026000
 0.02621000   0.04715000
 0.02301000   0.04409000
 0.02007000   0.04107000
 0.01737000   0.03809000
 0.01489000   0.03515000
 0.01263000   0.03224000
 0.01055000   0.02938000
 0.00866000   0.02656000
 0.00697000   0.02378000
 0.00549000   0.02101000
 0.00421000   0.01826000
 0.00312000   0.01554000
 0.00219000   0.01285000
 0.00143000   0.01019000
 0.00083000   0.00758000
 0.00039000   0.00503000
 0.00011000   0.00255000
-0.00000000   0.00011000
 0.00006000  -0.00232000
 0.00032000  -0.00478000
 0.00080000  -0.00727000
 0.00154000  -0.00978000
 0.00254000  -0.01230000
 0.00378000  -0.01482000
 0.00522000  -0.01733000
 0.00684000  -0.01984000
 0.00866000  -0.02235000
 0.01068000  -0.02488000
 0.01289000  -0.02741000
 0.01531000  -0.02996000
 0.01794000  -0.03253000
 0.02078000  -0.03514000
 0.02385000  -0.03779000
 0.02715000  -0.04049000
 0.03071000  -0.04325000
 0.03454000  -0.04607000
 0.03868000  -0.04895000
 0.04314000  -0.05192000
 0.04795000  -0.05496000
 0.05314000  -0.05809000
 0.05876000  -0.06132000
 0.06483000  -0.06463000
 0.07140000  -0.06802000
 0.07850000  -0.07150000
 0.08617000  -0.07504000
 0.09446000  -0.07863000
 0.10338000  -0.08225000
 0.11295000  -0.08588000
 0.12319000  -0.08947000
 0.13409000  -0.09299000
 0.14563000  -0.09639000
 0.15779000  -0.09964000
 0.17054000  -0.10269000
 0.18382000  -0.10551000
 0.19758000  -0.10805000
 0.21178000  -0.11030000
 0.22638000  -0.11222000
 0.24132000  -0.11379000
 0.25656000  -0.11502000
 0.27205000  -0.11588000
 0.28775000  -0.11638000
 0.30362000  -0.11648000
 0.31966000  -0.11619000
 0.33582000  -0.11552000
 0.35210000  -0.11445000
 0.36849000  -0.11298000
 0.38499000  -0.11110000
 0.40159000  -0.10883000
 0.41831000  -0.10615000
 0.43516000  -0.10307000
 0.45215000  -0.09959000
 0.46931000  -0.09568000
 0.48669000  -0.09135000
 0.50435000  -0.08660000
 0.52232000  -0.08145000
 0.54064000  -0.07592000
 0.55932000  -0.07003000
 0.57835000  -0.06384000
 0.59765000  -0.05743000
 0.61707000  -0.05094000
 0.63635000  -0.04451000
 0.65530000  -0.03831000
 0.67382000  -0.03243000
 0.69191000  -0.02693000
 0.70961000  -0.02186000
 0.72694000  -0.01721000
 0.74395000  -0.01299000
 0.76066000  -0.00922000
 0.77714000  -0.00591000
 0.79344000  -0.00308000
 0.80964000  -0.00069000
 0.82575000   0.00127000
 0.84177000   0.00283000
 0.85767000   0.00401000
 0.87342000   0.00479000
 0.88900000   0.00516000
 0.90438000   0.00511000
 0.91959000   0.00464000
 0.93461000   0.00376000
 0.94940000   0.00251000
 0.96389000   0.00097000
 0.97797000  -0.00077000
 0.99145000  -0.00255000
 1.00000000  -0.00370000
