FFA-W3-360_FFA-W3-330blend_blend_t35.2
       170   NumCoords         ! Number of coordinates including the reference point.
! x-y coordinate of airfoil reference
0.25        0
! coordinates of airfoil shape
 3.00000000  -360.00000000
 1.00000000   0.01433000
 0.98699000   0.01808000
 0.96555000   0.02411000
 0.94175000   0.03067000
 0.91587000   0.03778000
 0.88828000   0.04546000
 0.85929000   0.05359000
 0.82941000   0.06201000
 0.79903000   0.07057000
 0.76852000   0.07915000
 0.73815000   0.08764000
 0.70813000   0.09595000
 0.67850000   0.10404000
 0.64934000   0.11188000
 0.62076000   0.11942000
 0.59282000   0.12662000
 0.56555000   0.13344000
 0.53902000   0.13986000
 0.51329000   0.14583000
 0.48841000   0.15133000
 0.46438000   0.15634000
 0.44121000   0.16085000
 0.41889000   0.16484000
 0.39740000   0.16833000
 0.37671000   0.17131000
 0.35681000   0.17381000
 0.33772000   0.17582000
 0.31941000   0.17736000
 0.30185000   0.17845000
 0.28504000   0.17911000
 0.26898000   0.17936000
 0.25365000   0.17922000
 0.23901000   0.17869000
 0.22503000   0.17781000
 0.21171000   0.17660000
 0.19900000   0.17506000
 0.18688000   0.17322000
 0.17530000   0.17108000
 0.16424000   0.16866000
 0.15368000   0.16599000
 0.14360000   0.16307000
 0.13395000   0.15993000
 0.12475000   0.15659000
 0.11596000   0.15306000
 0.10761000   0.14936000
 0.09967000   0.14551000
 0.09212000   0.14150000
 0.08496000   0.13736000
 0.07816000   0.13310000
 0.07172000   0.12873000
 0.06564000   0.12426000
 0.05991000   0.11971000
 0.05451000   0.11507000
 0.04942000   0.11038000
 0.04465000   0.10564000
 0.04018000   0.10087000
 0.03600000   0.09608000
 0.03211000   0.09128000
 0.02850000   0.08649000
 0.02517000   0.08170000
 0.02209000   0.07694000
 0.01927000   0.07221000
 0.01667000   0.06750000
 0.01430000   0.06284000
 0.01212000   0.05824000
 0.01015000   0.05373000
 0.00840000   0.04931000
 0.00688000   0.04498000
 0.00560000   0.04071000
 0.00455000   0.03647000
 0.00369000   0.03225000
 0.00296000   0.02807000
 0.00234000   0.02395000
 0.00177000   0.01990000
 0.00123000   0.01599000
 0.00073000   0.01223000
 0.00033000   0.00860000
 0.00009000   0.00507000
 0.00003000   0.00158000
 0.00013000  -0.00195000
 0.00038000  -0.00554000
 0.00075000  -0.00924000
 0.00121000  -0.01307000
 0.00176000  -0.01702000
 0.00238000  -0.02107000
 0.00309000  -0.02519000
 0.00394000  -0.02936000
 0.00495000  -0.03356000
 0.00618000  -0.03778000
 0.00764000  -0.04204000
 0.00935000  -0.04635000
 0.01128000  -0.05075000
 0.01342000  -0.05521000
 0.01577000  -0.05974000
 0.01833000  -0.06430000
 0.02113000  -0.06889000
 0.02417000  -0.07348000
 0.02749000  -0.07808000
 0.03109000  -0.08268000
 0.03498000  -0.08728000
 0.03918000  -0.09187000
 0.04370000  -0.09645000
 0.04854000  -0.10102000
 0.05369000  -0.10556000
 0.05919000  -0.11007000
 0.06504000  -0.11452000
 0.07127000  -0.11890000
 0.07788000  -0.12322000
 0.08490000  -0.12746000
 0.09235000  -0.13160000
 0.10023000  -0.13565000
 0.10856000  -0.13960000
 0.11737000  -0.14342000
 0.12664000  -0.14712000
 0.13639000  -0.15066000
 0.14662000  -0.15403000
 0.15733000  -0.15719000
 0.16853000  -0.16013000
 0.18024000  -0.16284000
 0.19240000  -0.16530000
 0.20502000  -0.16747000
 0.21807000  -0.16933000
 0.23152000  -0.17086000
 0.24537000  -0.17203000
 0.25960000  -0.17283000
 0.27419000  -0.17323000
 0.28912000  -0.17323000
 0.30439000  -0.17281000
 0.31998000  -0.17196000
 0.33587000  -0.17066000
 0.35206000  -0.16891000
 0.36852000  -0.16670000
 0.38526000  -0.16400000
 0.40227000  -0.16082000
 0.41956000  -0.15712000
 0.43718000  -0.15288000
 0.45524000  -0.14805000
 0.47386000  -0.14262000
 0.49307000  -0.13657000
 0.51289000  -0.12990000
 0.53338000  -0.12258000
 0.55460000  -0.11459000
 0.57667000  -0.10589000
 0.59960000  -0.09653000
 0.62330000  -0.08661000
 0.64742000  -0.07639000
 0.67097000  -0.06643000
 0.69321000  -0.05720000
 0.71407000  -0.04884000
 0.73367000  -0.04135000
 0.75221000  -0.03468000
 0.76987000  -0.02877000
 0.78681000  -0.02356000
 0.80315000  -0.01898000
 0.81895000  -0.01498000
 0.83422000  -0.01155000
 0.84901000  -0.00869000
 0.86340000  -0.00636000
 0.87749000  -0.00456000
 0.89134000  -0.00328000
 0.90504000  -0.00250000
 0.91862000  -0.00220000
 0.93219000  -0.00240000
 0.94578000  -0.00311000
 0.95940000  -0.00440000
 0.97334000  -0.00660000
 0.98848000  -0.01003000
 1.00000000  -0.01331000
