FFA-W3-330blend_FFA-W3-301_blend_t32.2
       170   NumCoords         ! Number of coordinates including the reference point.
! x-y coordinate of airfoil reference
0.25        0
! coordinates of airfoil shape
 3.00000000  -330.00000000
 1.00000000   0.01159000
 0.98830000   0.01455000
 0.96901000   0.01939000
 0.94768000   0.02467000
 0.92462000   0.03042000
 0.90024000   0.03661000
 0.87488000   0.04315000
 0.84902000   0.04988000
 0.82285000   0.05672000
 0.79631000   0.06368000
 0.76951000   0.07068000
 0.74256000   0.07768000
 0.71565000   0.08461000
 0.68889000   0.09141000
 0.66246000   0.09801000
 0.63626000   0.10441000
 0.61024000   0.11062000
 0.58452000   0.11660000
 0.55923000   0.12230000
 0.53446000   0.12768000
 0.51026000   0.13272000
 0.48661000   0.13741000
 0.46359000   0.14172000
 0.44123000   0.14561000
 0.41953000   0.14907000
 0.39849000   0.15211000
 0.37814000   0.15472000
 0.35848000   0.15689000
 0.33951000   0.15864000
 0.32124000   0.15996000
 0.30367000   0.16088000
 0.28681000   0.16140000
 0.27065000   0.16152000
 0.25517000   0.16127000
 0.24035000   0.16066000
 0.22617000   0.15970000
 0.21262000   0.15841000
 0.19967000   0.15681000
 0.18730000   0.15490000
 0.17546000   0.15270000
 0.16415000   0.15024000
 0.15335000   0.14752000
 0.14303000   0.14457000
 0.13318000   0.14140000
 0.12379000   0.13806000
 0.11486000   0.13453000
 0.10637000   0.13085000
 0.09831000   0.12702000
 0.09066000   0.12307000
 0.08342000   0.11902000
 0.07658000   0.11487000
 0.07011000   0.11064000
 0.06402000   0.10636000
 0.05829000   0.10202000
 0.05290000   0.09765000
 0.04784000   0.09327000
 0.04311000   0.08887000
 0.03869000   0.08447000
 0.03457000   0.08008000
 0.03074000   0.07571000
 0.02719000   0.07135000
 0.02391000   0.06703000
 0.02087000   0.06275000
 0.01808000   0.05851000
 0.01552000   0.05432000
 0.01319000   0.05018000
 0.01107000   0.04609000
 0.00918000   0.04205000
 0.00751000   0.03806000
 0.00607000   0.03411000
 0.00483000   0.03021000
 0.00377000   0.02636000
 0.00285000   0.02259000
 0.00207000   0.01889000
 0.00140000   0.01526000
 0.00084000   0.01172000
 0.00041000   0.00826000
 0.00013000   0.00490000
 0.00000000   0.00163000
 0.00003000  -0.00162000
 0.00022000  -0.00492000
 0.00056000  -0.00830000
 0.00105000  -0.01178000
 0.00169000  -0.01533000
 0.00244000  -0.01894000
 0.00333000  -0.02262000
 0.00439000  -0.02636000
 0.00565000  -0.03014000
 0.00711000  -0.03399000
 0.00877000  -0.03787000
 0.01064000  -0.04181000
 0.01275000  -0.04578000
 0.01508000  -0.04981000
 0.01764000  -0.05388000
 0.02042000  -0.05801000
 0.02345000  -0.06219000
 0.02672000  -0.06641000
 0.03026000  -0.07066000
 0.03409000  -0.07495000
 0.03822000  -0.07925000
 0.04265000  -0.08358000
 0.04741000  -0.08792000
 0.05251000  -0.09227000
 0.05795000  -0.09663000
 0.06376000  -0.10098000
 0.06994000  -0.10531000
 0.07652000  -0.10960000
 0.08351000  -0.11384000
 0.09092000  -0.11802000
 0.09876000  -0.12212000
 0.10705000  -0.12612000
 0.11581000  -0.13000000
 0.12502000  -0.13376000
 0.13471000  -0.13737000
 0.14487000  -0.14081000
 0.15549000  -0.14405000
 0.16658000  -0.14708000
 0.17814000  -0.14985000
 0.19016000  -0.15237000
 0.20261000  -0.15461000
 0.21550000  -0.15655000
 0.22878000  -0.15816000
 0.24246000  -0.15943000
 0.25651000  -0.16035000
 0.27091000  -0.16088000
 0.28565000  -0.16103000
 0.30070000  -0.16078000
 0.31605000  -0.16011000
 0.33169000  -0.15902000
 0.34760000  -0.15750000
 0.36378000  -0.15554000
 0.38021000  -0.15313000
 0.39689000  -0.15025000
 0.41384000  -0.14690000
 0.43109000  -0.14305000
 0.44866000  -0.13870000
 0.46661000  -0.13381000
 0.48501000  -0.12837000
 0.50391000  -0.12237000
 0.52338000  -0.11578000
 0.54348000  -0.10859000
 0.56428000  -0.10078000
 0.58585000  -0.09237000
 0.60811000  -0.08345000
 0.63077000  -0.07426000
 0.65318000  -0.06517000
 0.67481000  -0.05651000
 0.69542000  -0.04848000
 0.71501000  -0.04118000
 0.73369000  -0.03459000
 0.75155000  -0.02866000
 0.76870000  -0.02339000
 0.78526000  -0.01874000
 0.80135000  -0.01469000
 0.81704000  -0.01117000
 0.83235000  -0.00816000
 0.84732000  -0.00564000
 0.86198000  -0.00362000
 0.87637000  -0.00208000
 0.89055000  -0.00103000
 0.90458000  -0.00046000
 0.91851000  -0.00036000
 0.93239000  -0.00073000
 0.94626000  -0.00158000
 0.96018000  -0.00295000
 0.97434000  -0.00508000
 0.98924000  -0.00818000
 1.00000000  -0.01087000
