FFA-W3-241_FFA-W3-211_blend_t21.2
       122   NumCoords         ! Number of coordinates including the reference point.
! x-y coordinate of airfoil reference
0.25        0
! coordinates of airfoil shape
 3.00000000  -241.00000000
 1.00000000   0.00141000
 0.98978000   0.00318000
 0.97208000   0.00617000
 0.95177000   0.00968000
 0.92929000   0.01375000
 0.90540000   0.01823000
 0.88065000   0.02300000
 0.85549000   0.02799000
 0.83002000   0.03315000
 0.80450000   0.03842000
 0.77889000   0.04383000
 0.75313000   0.04938000
 0.72723000   0.05502000
 0.70124000   0.06071000
 0.67533000   0.06636000
 0.64957000   0.07193000
 0.62406000   0.07736000
 0.59884000   0.08259000
 0.57386000   0.08757000
 0.54898000   0.09230000
 0.52424000   0.09679000
 0.49973000   0.10098000
 0.47548000   0.10483000
 0.45148000   0.10831000
 0.42778000   0.11138000
 0.40441000   0.11399000
 0.38139000   0.11611000
 0.35873000   0.11771000
 0.33652000   0.11874000
 0.31476000   0.11914000
 0.29330000   0.11888000
 0.27213000   0.11796000
 0.25124000   0.11636000
 0.23060000   0.11407000
 0.21019000   0.11109000
 0.19011000   0.10746000
 0.17048000   0.10321000
 0.15144000   0.09837000
 0.13316000   0.09300000
 0.11586000   0.08720000
 0.09976000   0.08111000
 0.08511000   0.07490000
 0.07206000   0.06874000
 0.06063000   0.06277000
 0.05075000   0.05708000
 0.04228000   0.05171000
 0.03505000   0.04669000
 0.02886000   0.04200000
 0.02357000   0.03760000
 0.01903000   0.03345000
 0.01513000   0.02952000
 0.01180000   0.02580000
 0.00897000   0.02224000
 0.00658000   0.01880000
 0.00458000   0.01546000
 0.00295000   0.01221000
 0.00167000   0.00908000
 0.00075000   0.00609000
 0.00019000   0.00320000
 0.00002000   0.00036000
 0.00025000  -0.00251000
 0.00090000  -0.00541000
 0.00201000  -0.00833000
 0.00364000  -0.01120000
 0.00578000  -0.01403000
 0.00836000  -0.01684000
 0.01137000  -0.01966000
 0.01485000  -0.02254000
 0.01885000  -0.02552000
 0.02344000  -0.02863000
 0.02873000  -0.03191000
 0.03485000  -0.03540000
 0.04197000  -0.03914000
 0.05031000  -0.04316000
 0.06012000  -0.04749000
 0.07161000  -0.05214000
 0.08493000  -0.05707000
 0.10012000  -0.06214000
 0.11703000  -0.06721000
 0.13536000  -0.07209000
 0.15479000  -0.07663000
 0.17498000  -0.08071000
 0.19568000  -0.08424000
 0.21679000  -0.08720000
 0.23818000  -0.08956000
 0.25976000  -0.09133000
 0.28144000  -0.09249000
 0.30314000  -0.09304000
 0.32483000  -0.09296000
 0.34653000  -0.09224000
 0.36824000  -0.09089000
 0.38998000  -0.08890000
 0.41176000  -0.08628000
 0.43359000  -0.08304000
 0.45552000  -0.07916000
 0.47769000  -0.07462000
 0.50034000  -0.06942000
 0.52363000  -0.06361000
 0.54758000  -0.05733000
 0.57207000  -0.05069000
 0.59682000  -0.04388000
 0.62147000  -0.03713000
 0.64573000  -0.03066000
 0.66951000  -0.02458000
 0.69288000  -0.01898000
 0.71594000  -0.01389000
 0.73877000  -0.00931000
 0.76138000  -0.00526000
 0.78373000  -0.00179000
 0.80587000   0.00109000
 0.82784000   0.00334000
 0.84965000   0.00499000
 0.87127000   0.00602000
 0.89260000   0.00642000
 0.91354000   0.00617000
 0.93400000   0.00528000
 0.95381000   0.00380000
 0.97261000   0.00190000
 0.98980000  -0.00013000
 1.00000000  -0.00140000
