FFA-W3-360_FFA-W3-330blend_blend_t34.7
       170   NumCoords         ! Number of coordinates including the reference point.
! x-y coordinate of airfoil reference
0.25        0
! coordinates of airfoil shape
 3.00000000  -360.00000000
 1.00000000   0.01384000
 0.98727000   0.01741000
 0.96623000   0.02320000
 0.94282000   0.02951000
 0.91734000   0.03638000
 0.89017000   0.04381000
 0.86159000   0.05169000
 0.83210000   0.05987000
 0.80207000   0.06822000
 0.77182000   0.07660000
 0.74167000   0.08491000
 0.71186000   0.09306000
 0.68243000   0.10099000
 0.65344000   0.10868000
 0.62499000   0.11609000
 0.59714000   0.12317000
 0.56992000   0.12989000
 0.54340000   0.13623000
 0.51763000   0.14214000
 0.49267000   0.14761000
 0.46855000   0.15260000
 0.44529000   0.15711000
 0.42287000   0.16111000
 0.40127000   0.16462000
 0.38046000   0.16763000
 0.36044000   0.17016000
 0.34121000   0.17221000
 0.32277000   0.17380000
 0.30508000   0.17495000
 0.28814000   0.17566000
 0.27195000   0.17597000
 0.25649000   0.17588000
 0.24173000   0.17541000
 0.22764000   0.17459000
 0.21419000   0.17343000
 0.20138000   0.17195000
 0.18915000   0.17017000
 0.17747000   0.16809000
 0.16632000   0.16573000
 0.15567000   0.16312000
 0.14549000   0.16026000
 0.13577000   0.15717000
 0.12648000   0.15388000
 0.11762000   0.15041000
 0.10919000   0.14677000
 0.10118000   0.14298000
 0.09356000   0.13903000
 0.08632000   0.13495000
 0.07946000   0.13075000
 0.07296000   0.12644000
 0.06682000   0.12204000
 0.06102000   0.11755000
 0.05556000   0.11299000
 0.05042000   0.10838000
 0.04558000   0.10371000
 0.04106000   0.09902000
 0.03682000   0.09431000
 0.03288000   0.08959000
 0.02921000   0.08488000
 0.02582000   0.08018000
 0.02269000   0.07550000
 0.01981000   0.07084000
 0.01715000   0.06621000
 0.01472000   0.06163000
 0.01250000   0.05710000
 0.01048000   0.05266000
 0.00869000   0.04831000
 0.00712000   0.04403000
 0.00580000   0.03980000
 0.00470000   0.03560000
 0.00378000   0.03143000
 0.00300000   0.02728000
 0.00233000   0.02319000
 0.00173000   0.01919000
 0.00118000   0.01531000
 0.00068000   0.01158000
 0.00030000   0.00799000
 0.00007000   0.00450000
 0.00003000   0.00103000
 0.00014000  -0.00246000
 0.00040000  -0.00602000
 0.00078000  -0.00968000
 0.00128000  -0.01345000
 0.00186000  -0.01735000
 0.00253000  -0.02134000
 0.00331000  -0.02540000
 0.00422000  -0.02951000
 0.00531000  -0.03364000
 0.00660000  -0.03780000
 0.00813000  -0.04199000
 0.00989000  -0.04624000
 0.01189000  -0.05056000
 0.01409000  -0.05495000
 0.01651000  -0.05940000
 0.01914000  -0.06388000
 0.02200000  -0.06839000
 0.02511000  -0.07291000
 0.02850000  -0.07743000
 0.03216000  -0.08197000
 0.03612000  -0.08650000
 0.04039000  -0.09103000
 0.04497000  -0.09555000
 0.04987000  -0.10006000
 0.05510000  -0.10455000
 0.06066000  -0.10900000
 0.06659000  -0.11341000
 0.07288000  -0.11775000
 0.07957000  -0.12202000
 0.08666000  -0.12621000
 0.09418000  -0.13032000
 0.10214000  -0.13433000
 0.11054000  -0.13823000
 0.11942000  -0.14201000
 0.12876000  -0.14566000
 0.13857000  -0.14915000
 0.14886000  -0.15246000
 0.15963000  -0.15557000
 0.17089000  -0.15845000
 0.18263000  -0.16110000
 0.19484000  -0.16348000
 0.20749000  -0.16559000
 0.22056000  -0.16737000
 0.23404000  -0.16883000
 0.24791000  -0.16993000
 0.26215000  -0.17066000
 0.27675000  -0.17100000
 0.29169000  -0.17093000
 0.30695000  -0.17044000
 0.32254000  -0.16952000
 0.33843000  -0.16817000
 0.35460000  -0.16636000
 0.37105000  -0.16409000
 0.38776000  -0.16135000
 0.40476000  -0.15811000
 0.42204000  -0.15437000
 0.43965000  -0.15009000
 0.45771000  -0.14523000
 0.47630000  -0.13977000
 0.49548000  -0.13371000
 0.51528000  -0.12702000
 0.53574000  -0.11969000
 0.55695000  -0.11169000
 0.57901000  -0.10300000
 0.60194000  -0.09366000
 0.62561000  -0.08379000
 0.64953000  -0.07373000
 0.67276000  -0.06401000
 0.69466000  -0.05504000
 0.71523000  -0.04692000
 0.73460000  -0.03964000
 0.75296000  -0.03316000
 0.77047000  -0.02742000
 0.78728000  -0.02236000
 0.80352000  -0.01792000
 0.81925000  -0.01405000
 0.83448000  -0.01073000
 0.84925000  -0.00796000
 0.86365000  -0.00572000
 0.87774000  -0.00400000
 0.89161000  -0.00279000
 0.90532000  -0.00207000
 0.91892000  -0.00183000
 0.93250000  -0.00207000
 0.94610000  -0.00281000
 0.95972000  -0.00413000
 0.97364000  -0.00632000
 0.98867000  -0.00969000
 1.00000000  -0.01287000
