FFA-W3-301_FFA-W3-270blend_blend_t29.2
       170   NumCoords         ! Number of coordinates including the reference point.
! x-y coordinate of airfoil reference
0.25        0
! coordinates of airfoil shape
 3.00000000  -301.00000000
 1.00000000   0.00851000
 0.98973000   0.01091000
 0.97276000   0.01483000
 0.95389000   0.01916000
 0.93333000   0.02390000
 0.91133000   0.02907000
 0.88802000   0.03465000
 0.86369000   0.04054000
 0.83856000   0.04668000
 0.81285000   0.05299000
 0.78683000   0.05938000
 0.76078000   0.06575000
 0.73489000   0.07205000
 0.70927000   0.07820000
 0.68391000   0.08420000
 0.65885000   0.09001000
 0.63409000   0.09561000
 0.60963000   0.10100000
 0.58550000   0.10616000
 0.56173000   0.11107000
 0.53833000   0.11571000
 0.51535000   0.12007000
 0.49283000   0.12412000
 0.47083000   0.12784000
 0.44933000   0.13121000
 0.42832000   0.13422000
 0.40781000   0.13687000
 0.38784000   0.13916000
 0.36843000   0.14106000
 0.34958000   0.14259000
 0.33129000   0.14375000
 0.31359000   0.14453000
 0.29650000   0.14494000
 0.28002000   0.14497000
 0.26414000   0.14465000
 0.24883000   0.14396000
 0.23409000   0.14294000
 0.21993000   0.14161000
 0.20636000   0.13996000
 0.19336000   0.13802000
 0.18090000   0.13578000
 0.16897000   0.13328000
 0.15756000   0.13054000
 0.14667000   0.12758000
 0.13630000   0.12442000
 0.12643000   0.12109000
 0.11706000   0.11761000
 0.10818000   0.11399000
 0.09978000   0.11028000
 0.09185000   0.10648000
 0.08437000   0.10262000
 0.07734000   0.09872000
 0.07073000   0.09479000
 0.06452000   0.09084000
 0.05871000   0.08690000
 0.05328000   0.08296000
 0.04820000   0.07904000
 0.04347000   0.07513000
 0.03905000   0.07126000
 0.03494000   0.06741000
 0.03111000   0.06360000
 0.02755000   0.05984000
 0.02425000   0.05612000
 0.02120000   0.05245000
 0.01839000   0.04881000
 0.01581000   0.04521000
 0.01345000   0.04166000
 0.01129000   0.03814000
 0.00934000   0.03467000
 0.00759000   0.03125000
 0.00604000   0.02786000
 0.00468000   0.02451000
 0.00351000   0.02119000
 0.00252000   0.01791000
 0.00170000   0.01467000
 0.00104000   0.01149000
 0.00055000   0.00837000
 0.00021000   0.00532000
 0.00003000   0.00231000
-0.00001000  -0.00066000
 0.00012000  -0.00364000
 0.00042000  -0.00665000
 0.00089000  -0.00971000
 0.00155000  -0.01282000
 0.00242000  -0.01599000
 0.00348000  -0.01920000
 0.00475000  -0.02244000
 0.00621000  -0.02571000
 0.00786000  -0.02900000
 0.00970000  -0.03234000
 0.01175000  -0.03571000
 0.01401000  -0.03912000
 0.01649000  -0.04258000
 0.01920000  -0.04608000
 0.02215000  -0.04963000
 0.02533000  -0.05323000
 0.02877000  -0.05689000
 0.03249000  -0.06062000
 0.03648000  -0.06440000
 0.04079000  -0.06825000
 0.04541000  -0.07216000
 0.05037000  -0.07614000
 0.05567000  -0.08017000
 0.06135000  -0.08426000
 0.06743000  -0.08837000
 0.07392000  -0.09251000
 0.08085000  -0.09666000
 0.08822000  -0.10081000
 0.09605000  -0.10493000
 0.10435000  -0.10899000
 0.11312000  -0.11299000
 0.12237000  -0.11687000
 0.13209000  -0.12063000
 0.14229000  -0.12423000
 0.15296000  -0.12765000
 0.16408000  -0.13086000
 0.17564000  -0.13382000
 0.18764000  -0.13652000
 0.20008000  -0.13894000
 0.21293000  -0.14107000
 0.22617000  -0.14288000
 0.23977000  -0.14435000
 0.25374000  -0.14547000
 0.26805000  -0.14624000
 0.28267000  -0.14663000
 0.29757000  -0.14664000
 0.31275000  -0.14625000
 0.32818000  -0.14547000
 0.34385000  -0.14428000
 0.35974000  -0.14267000
 0.37584000  -0.14064000
 0.39217000  -0.13817000
 0.40873000  -0.13526000
 0.42553000  -0.13191000
 0.44259000  -0.12810000
 0.45992000  -0.12383000
 0.47756000  -0.11907000
 0.49558000  -0.11382000
 0.51403000  -0.10804000
 0.53300000  -0.10173000
 0.55255000  -0.09489000
 0.57271000  -0.08753000
 0.59352000  -0.07969000
 0.61483000  -0.07150000
 0.63623000  -0.06323000
 0.65719000  -0.05520000
 0.67741000  -0.04762000
 0.69678000  -0.04062000
 0.71537000  -0.03422000
 0.73329000  -0.02841000
 0.75061000  -0.02316000
 0.76735000  -0.01847000
 0.78357000  -0.01436000
 0.79945000  -0.01079000
 0.81510000  -0.00770000
 0.83053000  -0.00507000
 0.84572000  -0.00289000
 0.86067000  -0.00115000
 0.87539000   0.00014000
 0.88992000   0.00098000
 0.90429000   0.00136000
 0.91857000   0.00128000
 0.93281000   0.00074000
 0.94705000  -0.00023000
 0.96125000  -0.00166000
 0.97554000  -0.00364000
 0.99011000  -0.00615000
 1.00000000  -0.00808000
