FFA-W3-330blend_FFA-W3-301_blend_t31.8
       170   NumCoords         ! Number of coordinates including the reference point.
! x-y coordinate of airfoil reference
0.25        0
! coordinates of airfoil shape
 3.00000000  -330.00000000
 1.00000000   0.01119000
 0.98854000   0.01406000
 0.96963000   0.01876000
 0.94866000   0.02390000
 0.92592000   0.02951000
 0.90180000   0.03559000
 0.87658000   0.04203000
 0.85072000   0.04870000
 0.82446000   0.05552000
 0.79781000   0.06245000
 0.77089000   0.06943000
 0.74384000   0.07641000
 0.71686000   0.08331000
 0.69005000   0.09006000
 0.66355000   0.09662000
 0.63731000   0.10298000
 0.61131000   0.10913000
 0.58563000   0.11504000
 0.56038000   0.12066000
 0.53560000   0.12598000
 0.51136000   0.13097000
 0.48773000   0.13559000
 0.46476000   0.13984000
 0.44246000   0.14366000
 0.42080000   0.14707000
 0.39981000   0.15005000
 0.37949000   0.15262000
 0.35986000   0.15475000
 0.34090000   0.15646000
 0.32264000   0.15777000
 0.30506000   0.15866000
 0.28819000   0.15917000
 0.27201000   0.15928000
 0.25650000   0.15901000
 0.24164000   0.15840000
 0.22742000   0.15743000
 0.21382000   0.15615000
 0.20082000   0.15455000
 0.18839000   0.15264000
 0.17650000   0.15045000
 0.16514000   0.14799000
 0.15428000   0.14527000
 0.14391000   0.14233000
 0.13401000   0.13918000
 0.12458000   0.13585000
 0.11560000   0.13234000
 0.10707000   0.12868000
 0.09896000   0.12488000
 0.09128000   0.12096000
 0.08401000   0.11694000
 0.07713000   0.11283000
 0.07064000   0.10865000
 0.06452000   0.10442000
 0.05876000   0.10014000
 0.05335000   0.09584000
 0.04828000   0.09151000
 0.04353000   0.08719000
 0.03909000   0.08286000
 0.03495000   0.07855000
 0.03111000   0.07426000
 0.02753000   0.06999000
 0.02422000   0.06575000
 0.02117000   0.06155000
 0.01835000   0.05740000
 0.01577000   0.05329000
 0.01341000   0.04922000
 0.01128000   0.04521000
 0.00936000   0.04124000
 0.00767000   0.03732000
 0.00619000   0.03343000
 0.00491000   0.02960000
 0.00381000   0.02582000
 0.00287000   0.02211000
 0.00206000   0.01846000
 0.00137000   0.01489000
 0.00081000   0.01139000
 0.00039000   0.00796000
 0.00012000   0.00464000
 0.00000000   0.00140000
 0.00003000  -0.00183000
 0.00023000  -0.00510000
 0.00058000  -0.00846000
 0.00108000  -0.01190000
 0.00174000  -0.01541000
 0.00253000  -0.01897000
 0.00347000  -0.02260000
 0.00458000  -0.02628000
 0.00589000  -0.03001000
 0.00740000  -0.03379000
 0.00911000  -0.03762000
 0.01104000  -0.04149000
 0.01320000  -0.04540000
 0.01558000  -0.04936000
 0.01819000  -0.05336000
 0.02102000  -0.05742000
 0.02410000  -0.06153000
 0.02743000  -0.06568000
 0.03103000  -0.06988000
 0.03491000  -0.07410000
 0.03909000  -0.07835000
 0.04358000  -0.08263000
 0.04839000  -0.08693000
 0.05355000  -0.09124000
 0.05905000  -0.09556000
 0.06492000  -0.09988000
 0.07117000  -0.10418000
 0.07782000  -0.10845000
 0.08488000  -0.11267000
 0.09236000  -0.11683000
 0.10028000  -0.12092000
 0.10864000  -0.12490000
 0.11747000  -0.12878000
 0.12675000  -0.13252000
 0.13651000  -0.13611000
 0.14672000  -0.13953000
 0.15740000  -0.14274000
 0.16854000  -0.14574000
 0.18014000  -0.14848000
 0.19219000  -0.15097000
 0.20467000  -0.15317000
 0.21757000  -0.15507000
 0.23087000  -0.15665000
 0.24456000  -0.15788000
 0.25861000  -0.15876000
 0.27300000  -0.15926000
 0.28773000  -0.15937000
 0.30277000  -0.15909000
 0.31810000  -0.15839000
 0.33372000  -0.15728000
 0.34959000  -0.15574000
 0.36573000  -0.15376000
 0.38212000  -0.15133000
 0.39877000  -0.14844000
 0.41569000  -0.14508000
 0.43289000  -0.14123000
 0.45042000  -0.13688000
 0.46833000  -0.13200000
 0.48668000  -0.12657000
 0.50553000  -0.12059000
 0.52494000  -0.11402000
 0.54499000  -0.10686000
 0.56575000  -0.09908000
 0.58728000  -0.09072000
 0.60950000  -0.08185000
 0.63209000  -0.07273000
 0.65441000  -0.06373000
 0.67590000  -0.05520000
 0.69636000  -0.04731000
 0.71581000  -0.04014000
 0.73436000  -0.03367000
 0.75212000  -0.02785000
 0.76919000  -0.02268000
 0.78567000  -0.01812000
 0.80171000  -0.01415000
 0.81735000  -0.01070000
 0.83264000  -0.00775000
 0.84759000  -0.00529000
 0.86223000  -0.00331000
 0.87662000  -0.00182000
 0.89080000  -0.00080000
 0.90483000  -0.00026000
 0.91876000  -0.00019000
 0.93264000  -0.00058000
 0.94651000  -0.00144000
 0.96042000  -0.00282000
 0.97457000  -0.00493000
 0.98939000  -0.00795000
 1.00000000  -0.01052000
