FFA-W3-301_FFA-W3-270blend_blend_t29.6
       170   NumCoords         ! Number of coordinates including the reference point.
! x-y coordinate of airfoil reference
0.25        0
! coordinates of airfoil shape
 3.00000000  -301.00000000
 1.00000000   0.00894000
 0.98962000   0.01139000
 0.97242000   0.01541000
 0.95325000   0.01985000
 0.93232000   0.02474000
 0.90987000   0.03008000
 0.88605000   0.03586000
 0.86115000   0.04196000
 0.83542000   0.04832000
 0.80911000   0.05486000
 0.78253000   0.06146000
 0.75594000   0.06803000
 0.72956000   0.07449000
 0.70348000   0.08080000
 0.67769000   0.08692000
 0.65223000   0.09284000
 0.62708000   0.09854000
 0.60226000   0.10401000
 0.57781000   0.10923000
 0.55375000   0.11418000
 0.53009000   0.11885000
 0.50692000   0.12322000
 0.48428000   0.12725000
 0.46220000   0.13092000
 0.44066000   0.13423000
 0.41964000   0.13716000
 0.39918000   0.13972000
 0.37931000   0.14190000
 0.36003000   0.14369000
 0.34135000   0.14510000
 0.32327000   0.14612000
 0.30582000   0.14677000
 0.28902000   0.14705000
 0.27286000   0.14695000
 0.25729000   0.14649000
 0.24232000   0.14569000
 0.22794000   0.14456000
 0.21415000   0.14312000
 0.20095000   0.14138000
 0.18831000   0.13934000
 0.17620000   0.13702000
 0.16461000   0.13445000
 0.15353000   0.13165000
 0.14296000   0.12864000
 0.13288000   0.12543000
 0.12330000   0.12206000
 0.11419000   0.11855000
 0.10556000   0.11491000
 0.09739000   0.11117000
 0.08967000   0.10734000
 0.08238000   0.10346000
 0.07551000   0.09953000
 0.06906000   0.09557000
 0.06299000   0.09159000
 0.05731000   0.08762000
 0.05198000   0.08364000
 0.04700000   0.07969000
 0.04235000   0.07574000
 0.03802000   0.07182000
 0.03397000   0.06793000
 0.03021000   0.06408000
 0.02671000   0.06026000
 0.02347000   0.05649000
 0.02048000   0.05275000
 0.01773000   0.04904000
 0.01521000   0.04538000
 0.01290000   0.04175000
 0.01079000   0.03816000
 0.00889000   0.03462000
 0.00718000   0.03112000
 0.00568000   0.02766000
 0.00437000   0.02423000
 0.00324000   0.02084000
 0.00229000   0.01748000
 0.00151000   0.01418000
 0.00090000   0.01093000
 0.00044000   0.00774000
 0.00015000   0.00462000
 0.00000000   0.00155000
 0.00001000  -0.00150000
 0.00018000  -0.00456000
 0.00051000  -0.00767000
 0.00102000  -0.01083000
 0.00172000  -0.01405000
 0.00262000  -0.01731000
 0.00371000  -0.02062000
 0.00500000  -0.02396000
 0.00649000  -0.02732000
 0.00816000  -0.03072000
 0.01004000  -0.03415000
 0.01213000  -0.03763000
 0.01443000  -0.04114000
 0.01696000  -0.04469000
 0.01972000  -0.04830000
 0.02271000  -0.05195000
 0.02594000  -0.05565000
 0.02944000  -0.05940000
 0.03320000  -0.06322000
 0.03726000  -0.06709000
 0.04161000  -0.07102000
 0.04629000  -0.07501000
 0.05130000  -0.07905000
 0.05666000  -0.08314000
 0.06239000  -0.08727000
 0.06852000  -0.09142000
 0.07505000  -0.09559000
 0.08200000  -0.09976000
 0.08939000  -0.10392000
 0.09723000  -0.10804000
 0.10552000  -0.11210000
 0.11426000  -0.11607000
 0.12347000  -0.11993000
 0.13314000  -0.12365000
 0.14328000  -0.12722000
 0.15387000  -0.13059000
 0.16489000  -0.13376000
 0.17636000  -0.13668000
 0.18825000  -0.13934000
 0.20058000  -0.14172000
 0.21332000  -0.14381000
 0.22644000  -0.14559000
 0.23993000  -0.14703000
 0.25379000  -0.14813000
 0.26799000  -0.14887000
 0.28251000  -0.14924000
 0.29732000  -0.14923000
 0.31241000  -0.14883000
 0.32777000  -0.14802000
 0.34338000  -0.14682000
 0.35922000  -0.14519000
 0.37528000  -0.14314000
 0.39158000  -0.14065000
 0.40813000  -0.13772000
 0.42493000  -0.13434000
 0.44200000  -0.13050000
 0.45936000  -0.12618000
 0.47705000  -0.12138000
 0.49513000  -0.11606000
 0.51369000  -0.11021000
 0.53277000  -0.10382000
 0.55247000  -0.09687000
 0.57282000  -0.08938000
 0.59386000  -0.08138000
 0.61544000  -0.07301000
 0.63711000  -0.06456000
 0.65834000  -0.05634000
 0.67877000  -0.04861000
 0.69829000  -0.04149000
 0.71697000  -0.03499000
 0.73495000  -0.02911000
 0.75230000  -0.02380000
 0.76903000  -0.01906000
 0.78522000  -0.01491000
 0.80105000  -0.01131000
 0.81663000  -0.00819000
 0.83196000  -0.00553000
 0.84703000  -0.00333000
 0.86184000  -0.00156000
 0.87641000  -0.00026000
 0.89078000   0.00060000
 0.90499000   0.00100000
 0.91912000   0.00094000
 0.93320000   0.00043000
 0.94729000  -0.00052000
 0.96135000  -0.00194000
 0.97552000  -0.00393000
 0.99006000  -0.00649000
 1.00000000  -0.00849000
