FFA-W3-330blend_FFA-W3-301_blend_t32.8
       170   NumCoords         ! Number of coordinates including the reference point.
! x-y coordinate of airfoil reference
0.25        0
! coordinates of airfoil shape
 3.00000000  -330.00000000
 1.00000000   0.01217000
 0.98793000   0.01528000
 0.96808000   0.02033000
 0.94623000   0.02582000
 0.92271000   0.03176000
 0.89799000   0.03812000
 0.87245000   0.04478000
 0.84664000   0.05157000
 0.82061000   0.05846000
 0.79424000   0.06545000
 0.76759000   0.07248000
 0.74077000   0.07953000
 0.71395000   0.08651000
 0.68726000   0.09336000
 0.66094000   0.10002000
 0.63484000   0.10648000
 0.60884000   0.11278000
 0.58315000   0.11884000
 0.55798000   0.12460000
 0.53341000   0.13003000
 0.50940000   0.13512000
 0.48582000   0.13989000
 0.46279000   0.14430000
 0.44038000   0.14830000
 0.41860000   0.15186000
 0.39749000   0.15499000
 0.37706000   0.15768000
 0.35734000   0.15993000
 0.33831000   0.16174000
 0.32000000   0.16312000
 0.30240000   0.16409000
 0.28552000   0.16465000
 0.26936000   0.16481000
 0.25389000   0.16458000
 0.23909000   0.16399000
 0.22494000   0.16305000
 0.21142000   0.16179000
 0.19851000   0.16020000
 0.18619000   0.15829000
 0.17440000   0.15610000
 0.16314000   0.15364000
 0.15239000   0.15091000
 0.14212000   0.14795000
 0.13232000   0.14478000
 0.12298000   0.14142000
 0.11409000   0.13788000
 0.10564000   0.13417000
 0.09762000   0.13031000
 0.09000000   0.12632000
 0.08279000   0.12222000
 0.07597000   0.11802000
 0.06953000   0.11373000
 0.06346000   0.10937000
 0.05775000   0.10495000
 0.05238000   0.10049000
 0.04734000   0.09601000
 0.04263000   0.09150000
 0.03822000   0.08700000
 0.03412000   0.08250000
 0.03031000   0.07800000
 0.02678000   0.07353000
 0.02352000   0.06908000
 0.02051000   0.06468000
 0.01774000   0.06031000
 0.01521000   0.05600000
 0.01290000   0.05174000
 0.01081000   0.04754000
 0.00894000   0.04340000
 0.00731000   0.03930000
 0.00592000   0.03524000
 0.00473000   0.03124000
 0.00372000   0.02730000
 0.00285000   0.02343000
 0.00210000   0.01964000
 0.00145000   0.01594000
 0.00088000   0.01232000
 0.00045000   0.00880000
 0.00015000   0.00538000
 0.00001000   0.00206000
 0.00003000  -0.00122000
 0.00020000  -0.00455000
 0.00052000  -0.00798000
 0.00099000  -0.01150000
 0.00159000  -0.01511000
 0.00229000  -0.01879000
 0.00310000  -0.02254000
 0.00408000  -0.02636000
 0.00526000  -0.03023000
 0.00663000  -0.03416000
 0.00820000  -0.03814000
 0.01000000  -0.04216000
 0.01202000  -0.04623000
 0.01428000  -0.05036000
 0.01675000  -0.05453000
 0.01945000  -0.05876000
 0.02239000  -0.06304000
 0.02558000  -0.06735000
 0.02903000  -0.07170000
 0.03278000  -0.07607000
 0.03682000  -0.08045000
 0.04117000  -0.08485000
 0.04584000  -0.08926000
 0.05085000  -0.09367000
 0.05620000  -0.09808000
 0.06191000  -0.10248000
 0.06799000  -0.10685000
 0.07446000  -0.11118000
 0.08134000  -0.11545000
 0.08864000  -0.11966000
 0.09637000  -0.12378000
 0.10456000  -0.12780000
 0.11320000  -0.13171000
 0.12231000  -0.13550000
 0.13190000  -0.13914000
 0.14196000  -0.14262000
 0.15251000  -0.14590000
 0.16352000  -0.14897000
 0.17501000  -0.15179000
 0.18698000  -0.15437000
 0.19939000  -0.15666000
 0.21224000  -0.15866000
 0.22551000  -0.16034000
 0.23917000  -0.16167000
 0.25322000  -0.16265000
 0.26762000  -0.16325000
 0.28237000  -0.16344000
 0.29744000  -0.16325000
 0.31283000  -0.16263000
 0.32851000  -0.16158000
 0.34446000  -0.16010000
 0.36069000  -0.15817000
 0.37718000  -0.15579000
 0.39392000  -0.15294000
 0.41093000  -0.14960000
 0.42823000  -0.14577000
 0.44586000  -0.14142000
 0.46388000  -0.13652000
 0.48235000  -0.13106000
 0.50133000  -0.12504000
 0.52088000  -0.11842000
 0.54106000  -0.11119000
 0.56193000  -0.10335000
 0.58356000  -0.09488000
 0.60589000  -0.08588000
 0.62865000  -0.07659000
 0.65120000  -0.06735000
 0.67304000  -0.05850000
 0.69390000  -0.05026000
 0.71371000  -0.04276000
 0.73258000  -0.03598000
 0.75060000  -0.02989000
 0.76789000  -0.02447000
 0.78457000  -0.01969000
 0.80075000  -0.01551000
 0.81651000  -0.01188000
 0.83187000  -0.00877000
 0.84688000  -0.00617000
 0.86155000  -0.00407000
 0.87595000  -0.00247000
 0.89014000  -0.00137000
 0.90418000  -0.00075000
 0.91811000  -0.00062000
 0.93200000  -0.00096000
 0.94587000  -0.00178000
 0.95980000  -0.00314000
 0.97400000  -0.00529000
 0.98901000  -0.00852000
 1.00000000  -0.01138000
