FFA-W3-270blend_FFA-W3-241_blend_t24.4
       170   NumCoords         ! Number of coordinates including the reference point.
! x-y coordinate of airfoil reference
0.25        0
! coordinates of airfoil shape
 3.00000000  -270.00000000
 1.00000000   0.00415000
 0.99138000   0.00590000
 0.97729000   0.00877000
 0.96177000   0.01193000
 0.94488000   0.01536000
 0.92677000   0.01907000
 0.90764000   0.02303000
 0.88768000   0.02722000
 0.86708000   0.03161000
 0.84598000   0.03614000
 0.82454000   0.04078000
 0.80286000   0.04552000
 0.78101000   0.05032000
 0.75906000   0.05516000
 0.73708000   0.06002000
 0.71514000   0.06485000
 0.69328000   0.06964000
 0.67156000   0.07434000
 0.64999000   0.07895000
 0.62861000   0.08343000
 0.60743000   0.08778000
 0.58644000   0.09196000
 0.56564000   0.09596000
 0.54503000   0.09979000
 0.52462000   0.10341000
 0.50441000   0.10682000
 0.48444000   0.11001000
 0.46470000   0.11295000
 0.44522000   0.11563000
 0.42600000   0.11804000
 0.40706000   0.12017000
 0.38841000   0.12200000
 0.37008000   0.12352000
 0.35207000   0.12471000
 0.33439000   0.12557000
 0.31706000   0.12609000
 0.30008000   0.12624000
 0.28346000   0.12604000
 0.26720000   0.12548000
 0.25132000   0.12455000
 0.23583000   0.12328000
 0.22076000   0.12167000
 0.20616000   0.11974000
 0.19204000   0.11750000
 0.17845000   0.11498000
 0.16542000   0.11219000
 0.15297000   0.10918000
 0.14114000   0.10597000
 0.12995000   0.10261000
 0.11939000   0.09912000
 0.10948000   0.09555000
 0.10022000   0.09193000
 0.09159000   0.08827000
 0.08356000   0.08461000
 0.07610000   0.08097000
 0.06918000   0.07736000
 0.06278000   0.07379000
 0.05684000   0.07028000
 0.05136000   0.06682000
 0.04628000   0.06341000
 0.04158000   0.06007000
 0.03724000   0.05677000
 0.03321000   0.05354000
 0.02949000   0.05037000
 0.02604000   0.04726000
 0.02286000   0.04419000
 0.01993000   0.04117000
 0.01725000   0.03818000
 0.01478000   0.03522000
 0.01253000   0.03231000
 0.01046000   0.02944000
 0.00858000   0.02661000
 0.00690000   0.02380000
 0.00543000   0.02102000
 0.00415000   0.01826000
 0.00307000   0.01553000
 0.00215000   0.01282000
 0.00140000   0.01015000
 0.00081000   0.00752000
 0.00037000   0.00496000
 0.00010000   0.00246000
-0.00001000   0.00000000
 0.00007000  -0.00245000
 0.00034000  -0.00492000
 0.00083000  -0.00743000
 0.00158000  -0.00996000
 0.00260000  -0.01250000
 0.00384000  -0.01504000
 0.00529000  -0.01757000
 0.00693000  -0.02010000
 0.00875000  -0.02263000
 0.01077000  -0.02518000
 0.01299000  -0.02774000
 0.01542000  -0.03031000
 0.01805000  -0.03290000
 0.02090000  -0.03553000
 0.02397000  -0.03821000
 0.02728000  -0.04093000
 0.03083000  -0.04371000
 0.03467000  -0.04655000
 0.03880000  -0.04946000
 0.04325000  -0.05244000
 0.04805000  -0.05550000
 0.05323000  -0.05865000
 0.05882000  -0.06189000
 0.06485000  -0.06521000
 0.07138000  -0.06862000
 0.07843000  -0.07211000
 0.08605000  -0.07565000
 0.09426000  -0.07925000
 0.10310000  -0.08288000
 0.11258000  -0.08651000
 0.12271000  -0.09011000
 0.13351000  -0.09364000
 0.14494000  -0.09705000
 0.15699000  -0.10031000
 0.16963000  -0.10338000
 0.18280000  -0.10622000
 0.19648000  -0.10879000
 0.21060000  -0.11106000
 0.22512000  -0.11301000
 0.24000000  -0.11462000
 0.25518000  -0.11587000
 0.27064000  -0.11677000
 0.28631000  -0.11729000
 0.30217000  -0.11743000
 0.31820000  -0.11717000
 0.33436000  -0.11652000
 0.35065000  -0.11547000
 0.36706000  -0.11402000
 0.38358000  -0.11217000
 0.40021000  -0.10991000
 0.41695000  -0.10724000
 0.43383000  -0.10417000
 0.45086000  -0.10069000
 0.46806000  -0.09679000
 0.48548000  -0.09246000
 0.50317000  -0.08771000
 0.52117000  -0.08254000
 0.53953000  -0.07699000
 0.55824000  -0.07108000
 0.57731000  -0.06486000
 0.59666000  -0.05841000
 0.61614000  -0.05185000
 0.63550000  -0.04537000
 0.65453000  -0.03909000
 0.67314000  -0.03314000
 0.69131000  -0.02757000
 0.70908000  -0.02243000
 0.72648000  -0.01771000
 0.74354000  -0.01344000
 0.76031000  -0.00961000
 0.77682000  -0.00625000
 0.79316000  -0.00337000
 0.80938000  -0.00095000
 0.82552000   0.00105000
 0.84155000   0.00264000
 0.85747000   0.00384000
 0.87323000   0.00465000
 0.88881000   0.00504000
 0.90421000   0.00501000
 0.91942000   0.00455000
 0.93445000   0.00368000
 0.94925000   0.00244000
 0.96376000   0.00089000
 0.97787000  -0.00086000
 0.99140000  -0.00266000
 1.00000000  -0.00383000
