FFA-W3-270blend_FFA-W3-241_blend_t24.8
       170   NumCoords         ! Number of coordinates including the reference point.
! x-y coordinate of airfoil reference
0.25        0
! coordinates of airfoil shape
 3.00000000  -270.00000000
 1.00000000   0.00454000
 0.99125000   0.00634000
 0.97694000   0.00929000
 0.96119000   0.01254000
 0.94407000   0.01606000
 0.92571000   0.01986000
 0.90632000   0.02394000
 0.88607000   0.02825000
 0.86516000   0.03275000
 0.84376000   0.03741000
 0.82201000   0.04217000
 0.80004000   0.04703000
 0.77795000   0.05194000
 0.75579000   0.05687000
 0.73360000   0.06181000
 0.71141000   0.06673000
 0.68929000   0.07159000
 0.66730000   0.07637000
 0.64546000   0.08104000
 0.62382000   0.08559000
 0.60237000   0.08998000
 0.58112000   0.09420000
 0.56007000   0.09823000
 0.53923000   0.10207000
 0.51860000   0.10570000
 0.49820000   0.10911000
 0.47805000   0.11228000
 0.45817000   0.11519000
 0.43856000   0.11783000
 0.41923000   0.12019000
 0.40021000   0.12225000
 0.38151000   0.12400000
 0.36314000   0.12543000
 0.34512000   0.12654000
 0.32747000   0.12729000
 0.31018000   0.12769000
 0.29328000   0.12773000
 0.27676000   0.12740000
 0.26063000   0.12672000
 0.24492000   0.12568000
 0.22964000   0.12429000
 0.21482000   0.12258000
 0.20049000   0.12055000
 0.18669000   0.11823000
 0.17344000   0.11562000
 0.16076000   0.11278000
 0.14868000   0.10972000
 0.13722000   0.10647000
 0.12639000   0.10308000
 0.11619000   0.09959000
 0.10662000   0.09601000
 0.09768000   0.09239000
 0.08933000   0.08874000
 0.08157000   0.08508000
 0.07435000   0.08145000
 0.06764000   0.07784000
 0.06142000   0.07427000
 0.05565000   0.07075000
 0.05030000   0.06728000
 0.04535000   0.06385000
 0.04076000   0.06048000
 0.03651000   0.05716000
 0.03256000   0.05389000
 0.02890000   0.05070000
 0.02550000   0.04757000
 0.02237000   0.04447000
 0.01949000   0.04141000
 0.01684000   0.03838000
 0.01441000   0.03540000
 0.01219000   0.03245000
 0.01015000   0.02954000
 0.00830000   0.02666000
 0.00665000   0.02382000
 0.00521000   0.02099000
 0.00396000   0.01819000
 0.00290000   0.01542000
 0.00201000   0.01267000
 0.00128000   0.00996000
 0.00072000   0.00730000
 0.00031000   0.00469000
 0.00007000   0.00215000
-0.00000000  -0.00034000
 0.00010000  -0.00284000
 0.00040000  -0.00537000
 0.00093000  -0.00794000
 0.00173000  -0.01052000
 0.00277000  -0.01312000
 0.00405000  -0.01571000
 0.00551000  -0.01830000
 0.00717000  -0.02089000
 0.00902000  -0.02349000
 0.01106000  -0.02611000
 0.01330000  -0.02874000
 0.01574000  -0.03138000
 0.01840000  -0.03404000
 0.02127000  -0.03675000
 0.02436000  -0.03950000
 0.02768000  -0.04231000
 0.03125000  -0.04516000
 0.03510000  -0.04808000
 0.03925000  -0.05106000
 0.04371000  -0.05412000
 0.04851000  -0.05725000
 0.05368000  -0.06047000
 0.05926000  -0.06379000
 0.06527000  -0.06719000
 0.07175000  -0.07066000
 0.07875000  -0.07420000
 0.08629000  -0.07780000
 0.09440000  -0.08145000
 0.10312000  -0.08512000
 0.11246000  -0.08879000
 0.12243000  -0.09242000
 0.13304000  -0.09597000
 0.14427000  -0.09942000
 0.15611000  -0.10271000
 0.16853000  -0.10581000
 0.18150000  -0.10869000
 0.19496000  -0.11130000
 0.20889000  -0.11361000
 0.22323000  -0.11561000
 0.23795000  -0.11726000
 0.25300000  -0.11857000
 0.26833000  -0.11951000
 0.28391000  -0.12008000
 0.29970000  -0.12025000
 0.31567000  -0.12003000
 0.33181000  -0.11942000
 0.34809000  -0.11840000
 0.36450000  -0.11698000
 0.38103000  -0.11515000
 0.39769000  -0.11290000
 0.41447000  -0.11024000
 0.43140000  -0.10717000
 0.44849000  -0.10368000
 0.46575000  -0.09977000
 0.48323000  -0.09542000
 0.50099000  -0.09063000
 0.51906000  -0.08542000
 0.53749000  -0.07981000
 0.55629000  -0.07382000
 0.57545000  -0.06750000
 0.59491000  -0.06092000
 0.61454000  -0.05422000
 0.63408000  -0.04756000
 0.65331000  -0.04110000
 0.67210000  -0.03495000
 0.69045000  -0.02921000
 0.70836000  -0.02390000
 0.72588000  -0.01903000
 0.74304000  -0.01461000
 0.75988000  -0.01065000
 0.77646000  -0.00717000
 0.79283000  -0.00418000
 0.80907000  -0.00166000
 0.82521000   0.00043000
 0.84124000   0.00210000
 0.85714000   0.00337000
 0.87289000   0.00424000
 0.88845000   0.00468000
 0.90383000   0.00469000
 0.91904000   0.00427000
 0.93406000   0.00343000
 0.94888000   0.00221000
 0.96343000   0.00067000
 0.97761000  -0.00111000
 0.99128000  -0.00298000
 1.00000000  -0.00421000
