FFA-W3-241_FFA-W3-211_blend_t22.0
       122   NumCoords         ! Number of coordinates including the reference point.
! x-y coordinate of airfoil reference
0.25        0
! coordinates of airfoil shape
 3.00000000  -241.00000000
 1.00000000   0.00206000
 0.98937000   0.00398000
 0.97106000   0.00723000
 0.95010000   0.01102000
 0.92693000   0.01536000
 0.90225000   0.02012000
 0.87663000   0.02518000
 0.85048000   0.03048000
 0.82400000   0.03594000
 0.79741000   0.04154000
 0.77067000   0.04727000
 0.74378000   0.05311000
 0.71677000   0.05902000
 0.68979000   0.06491000
 0.66297000   0.07072000
 0.63637000   0.07641000
 0.61008000   0.08191000
 0.58408000   0.08716000
 0.55827000   0.09214000
 0.53262000   0.09685000
 0.50721000   0.10126000
 0.48208000   0.10531000
 0.45725000   0.10899000
 0.43273000   0.11224000
 0.40859000   0.11502000
 0.38482000   0.11730000
 0.36146000   0.11904000
 0.33857000   0.12020000
 0.31617000   0.12073000
 0.29414000   0.12058000
 0.27247000   0.11976000
 0.25116000   0.11825000
 0.23018000   0.11605000
 0.20956000   0.11316000
 0.18939000   0.10961000
 0.16980000   0.10544000
 0.15095000   0.10070000
 0.13300000   0.09546000
 0.11616000   0.08983000
 0.10061000   0.08396000
 0.08653000   0.07800000
 0.07397000   0.07209000
 0.06292000   0.06633000
 0.05329000   0.06080000
 0.04493000   0.05555000
 0.03769000   0.05056000
 0.03143000   0.04585000
 0.02600000   0.04140000
 0.02130000   0.03715000
 0.01721000   0.03310000
 0.01367000   0.02922000
 0.01061000   0.02550000
 0.00800000   0.02192000
 0.00580000   0.01843000
 0.00398000   0.01501000
 0.00250000   0.01168000
 0.00136000   0.00846000
 0.00055000   0.00538000
 0.00010000   0.00239000
 0.00003000  -0.00058000
 0.00036000  -0.00357000
 0.00111000  -0.00660000
 0.00234000  -0.00963000
 0.00408000  -0.01262000
 0.00629000  -0.01559000
 0.00890000  -0.01855000
 0.01193000  -0.02154000
 0.01540000  -0.02458000
 0.01936000  -0.02772000
 0.02388000  -0.03097000
 0.02901000  -0.03439000
 0.03488000  -0.03798000
 0.04162000  -0.04180000
 0.04941000  -0.04586000
 0.05842000  -0.05021000
 0.06886000  -0.05484000
 0.08088000  -0.05975000
 0.09461000  -0.06484000
 0.11005000  -0.07001000
 0.12705000  -0.07509000
 0.14537000  -0.07992000
 0.16474000  -0.08436000
 0.18489000  -0.08829000
 0.20563000  -0.09165000
 0.22682000  -0.09439000
 0.24835000  -0.09650000
 0.27009000  -0.09797000
 0.29196000  -0.09880000
 0.31389000  -0.09896000
 0.33588000  -0.09845000
 0.35791000  -0.09726000
 0.37998000  -0.09541000
 0.40213000  -0.09289000
 0.42435000  -0.08970000
 0.44668000  -0.08584000
 0.46921000  -0.08130000
 0.49214000  -0.07605000
 0.51567000  -0.07013000
 0.53987000  -0.06363000
 0.56468000  -0.05666000
 0.58994000  -0.04938000
 0.61533000  -0.04203000
 0.64041000  -0.03488000
 0.66495000  -0.02813000
 0.68893000  -0.02191000
 0.71248000  -0.01625000
 0.73569000  -0.01119000
 0.75858000  -0.00673000
 0.78113000  -0.00291000
 0.80345000   0.00022000
 0.82561000   0.00268000
 0.84763000   0.00449000
 0.86944000   0.00563000
 0.89094000   0.00611000
 0.91202000   0.00590000
 0.93265000   0.00500000
 0.95266000   0.00348000
 0.97175000   0.00150000
 0.98939000  -0.00063000
 1.00000000  -0.00197000
