FFA-W3-211
       162   NumCoords         ! Number of coordinates including the reference point.
! x-y coordinate of airfoil reference
0.25        0
! coordinates of airfoil shape
 3.00000000  -211.00000000
 1.00000000   0.00131000
 0.99258000   0.00259000
 0.98009000   0.00469000
 0.96604000   0.00704000
 0.95066000   0.00971000
 0.93415000   0.01268000
 0.91684000   0.01587000
 0.89901000   0.01924000
 0.88084000   0.02274000
 0.86250000   0.02635000
 0.84401000   0.03006000
 0.82544000   0.03383000
 0.80688000   0.03766000
 0.78829000   0.04157000
 0.76963000   0.04555000
 0.75088000   0.04960000
 0.73205000   0.05370000
 0.71319000   0.05782000
 0.69435000   0.06194000
 0.67555000   0.06604000
 0.65682000   0.07010000
 0.63817000   0.07410000
 0.61968000   0.07802000
 0.60133000   0.08182000
 0.58309000   0.08550000
 0.56491000   0.08904000
 0.54677000   0.09246000
 0.52870000   0.09575000
 0.51074000   0.09889000
 0.49290000   0.10185000
 0.47519000   0.10463000
 0.45760000   0.10722000
 0.44014000   0.10959000
 0.42283000   0.11173000
 0.40569000   0.11362000
 0.38873000   0.11526000
 0.37195000   0.11661000
 0.35536000   0.11766000
 0.33900000   0.11841000
 0.32287000   0.11882000
 0.30693000   0.11886000
 0.29113000   0.11855000
 0.27547000   0.11787000
 0.25996000   0.11682000
 0.24458000   0.11539000
 0.22930000   0.11357000
 0.21414000   0.11138000
 0.19912000   0.10882000
 0.18429000   0.10591000
 0.16970000   0.10264000
 0.15539000   0.09904000
 0.14144000   0.09512000
 0.12793000   0.09092000
 0.11496000   0.08648000
 0.10262000   0.08184000
 0.09103000   0.07710000
 0.08028000   0.07231000
 0.07044000   0.06756000
 0.06155000   0.06290000
 0.05357000   0.05840000
 0.04648000   0.05410000
 0.04021000   0.05000000
 0.03466000   0.04611000
 0.02977000   0.04243000
 0.02545000   0.03894000
 0.02163000   0.03563000
 0.01825000   0.03247000
 0.01526000   0.02945000
 0.01262000   0.02655000
 0.01029000   0.02376000
 0.00825000   0.02108000
 0.00646000   0.01849000
 0.00492000   0.01597000
 0.00359000   0.01350000
 0.00248000   0.01109000
 0.00158000   0.00873000
 0.00087000   0.00646000
 0.00038000   0.00427000
 0.00008000   0.00215000
 0.00000000   0.00008000
 0.00014000  -0.00199000
 0.00051000  -0.00409000
 0.00115000  -0.00623000
 0.00209000  -0.00839000
 0.00332000  -0.01055000
 0.00482000  -0.01268000
 0.00657000  -0.01479000
 0.00859000  -0.01689000
 0.01087000  -0.01901000
 0.01343000  -0.02118000
 0.01630000  -0.02340000
 0.01949000  -0.02569000
 0.02306000  -0.02807000
 0.02705000  -0.03056000
 0.03152000  -0.03317000
 0.03657000  -0.03593000
 0.04228000  -0.03885000
 0.04876000  -0.04195000
 0.05611000  -0.04524000
 0.06444000  -0.04872000
 0.07382000  -0.05238000
 0.08428000  -0.05618000
 0.09582000  -0.06005000
 0.10833000  -0.06392000
 0.12166000  -0.06771000
 0.13568000  -0.07133000
 0.15025000  -0.07475000
 0.16522000  -0.07792000
 0.18048000  -0.08079000
 0.19596000  -0.08335000
 0.21162000  -0.08558000
 0.22743000  -0.08749000
 0.24336000  -0.08908000
 0.25937000  -0.09034000
 0.27541000  -0.09127000
 0.29147000  -0.09187000
 0.30752000  -0.09213000
 0.32356000  -0.09205000
 0.33960000  -0.09161000
 0.35564000  -0.09084000
 0.37169000  -0.08972000
 0.38775000  -0.08826000
 0.40381000  -0.08645000
 0.41990000  -0.08431000
 0.43601000  -0.08182000
 0.45217000  -0.07899000
 0.46841000  -0.07581000
 0.48484000  -0.07227000
 0.50157000  -0.06838000
 0.51863000  -0.06417000
 0.53604000  -0.05970000
 0.55376000  -0.05501000
 0.57170000  -0.05017000
 0.58978000  -0.04524000
 0.60785000  -0.04031000
 0.62579000  -0.03547000
 0.64351000  -0.03079000
 0.66100000  -0.02632000
 0.67827000  -0.02208000
 0.69535000  -0.01811000
 0.71229000  -0.01440000
 0.72912000  -0.01096000
 0.74587000  -0.00780000
 0.76252000  -0.00492000
 0.77902000  -0.00235000
 0.79541000  -0.00009000
 0.81170000   0.00183000
 0.82793000   0.00342000
 0.84409000   0.00469000
 0.86017000   0.00562000
 0.87611000   0.00621000
 0.89190000   0.00646000
 0.90750000   0.00636000
 0.92287000   0.00590000
 0.93796000   0.00510000
 0.95268000   0.00397000
 0.96688000   0.00260000
 0.98029000   0.00110000
 0.99257000  -0.00038000
 1.00000000  -0.00131000
