FFA-W3-270blend_FFA-W3-241_blend_t24.6
       170   NumCoords         ! Number of coordinates including the reference point.
! x-y coordinate of airfoil reference
0.25        0
! coordinates of airfoil shape
 3.00000000  -270.00000000
 1.00000000   0.00441000
 0.99128000   0.00620000
 0.97704000   0.00912000
 0.96136000   0.01234000
 0.94432000   0.01583000
 0.92605000   0.01960000
 0.90675000   0.02364000
 0.88660000   0.02791000
 0.86579000   0.03237000
 0.84448000   0.03699000
 0.82281000   0.04172000
 0.80092000   0.04654000
 0.77888000   0.05142000
 0.75676000   0.05633000
 0.73461000   0.06125000
 0.71248000   0.06614000
 0.69042000   0.07098000
 0.66849000   0.07574000
 0.64672000   0.08040000
 0.62513000   0.08493000
 0.60374000   0.08930000
 0.58256000   0.09352000
 0.56156000   0.09754000
 0.54077000   0.10138000
 0.52019000   0.10501000
 0.49983000   0.10842000
 0.47972000   0.11159000
 0.45986000   0.11452000
 0.44028000   0.11717000
 0.42096000   0.11954000
 0.40195000   0.12162000
 0.38325000   0.12339000
 0.36488000   0.12484000
 0.34685000   0.12596000
 0.32918000   0.12674000
 0.31187000   0.12717000
 0.29493000   0.12723000
 0.27837000   0.12694000
 0.26220000   0.12628000
 0.24644000   0.12526000
 0.23109000   0.12390000
 0.21621000   0.12221000
 0.20181000   0.12020000
 0.18792000   0.11789000
 0.17459000   0.11531000
 0.16182000   0.11247000
 0.14966000   0.10943000
 0.13812000   0.10619000
 0.12721000   0.10281000
 0.11694000   0.09932000
 0.10731000   0.09576000
 0.09830000   0.09214000
 0.08990000   0.08850000
 0.08208000   0.08486000
 0.07481000   0.08123000
 0.06806000   0.07763000
 0.06181000   0.07408000
 0.05600000   0.07057000
 0.05063000   0.06711000
 0.04565000   0.06370000
 0.04104000   0.06035000
 0.03676000   0.05704000
 0.03280000   0.05379000
 0.02912000   0.05061000
 0.02571000   0.04749000
 0.02256000   0.04441000
 0.01967000   0.04136000
 0.01701000   0.03835000
 0.01457000   0.03538000
 0.01233000   0.03244000
 0.01028000   0.02954000
 0.00842000   0.02669000
 0.00676000   0.02386000
 0.00530000   0.02105000
 0.00404000   0.01826000
 0.00297000   0.01549000
 0.00207000   0.01276000
 0.00133000   0.01005000
 0.00076000   0.00740000
 0.00034000   0.00481000
 0.00008000   0.00228000
-0.00001000  -0.00021000
 0.00009000  -0.00270000
 0.00038000  -0.00521000
 0.00090000  -0.00776000
 0.00168000  -0.01033000
 0.00271000  -0.01291000
 0.00398000  -0.01548000
 0.00544000  -0.01805000
 0.00709000  -0.02063000
 0.00893000  -0.02320000
 0.01097000  -0.02580000
 0.01320000  -0.02840000
 0.01564000  -0.03102000
 0.01829000  -0.03366000
 0.02115000  -0.03634000
 0.02422000  -0.03906000
 0.02753000  -0.04183000
 0.03110000  -0.04466000
 0.03493000  -0.04754000
 0.03906000  -0.05049000
 0.04350000  -0.05352000
 0.04828000  -0.05662000
 0.05344000  -0.05980000
 0.05899000  -0.06308000
 0.06498000  -0.06644000
 0.07144000  -0.06988000
 0.07842000  -0.07339000
 0.08594000  -0.07696000
 0.09403000  -0.08057000
 0.10274000  -0.08422000
 0.11206000  -0.08786000
 0.12203000  -0.09147000
 0.13264000  -0.09502000
 0.14388000  -0.09845000
 0.15574000  -0.10174000
 0.16818000  -0.10483000
 0.18117000  -0.10771000
 0.19467000  -0.11032000
 0.20863000  -0.11264000
 0.22300000  -0.11463000
 0.23776000  -0.11629000
 0.25284000  -0.11760000
 0.26821000  -0.11855000
 0.28383000  -0.11913000
 0.29964000  -0.11931000
 0.31565000  -0.11910000
 0.33181000  -0.11849000
 0.34810000  -0.11749000
 0.36453000  -0.11607000
 0.38108000  -0.11425000
 0.39775000  -0.11202000
 0.41454000  -0.10937000
 0.43147000  -0.10631000
 0.44856000  -0.10284000
 0.46582000  -0.09894000
 0.48330000  -0.09460000
 0.50105000  -0.08984000
 0.51912000  -0.08465000
 0.53753000  -0.07906000
 0.55632000  -0.07311000
 0.57545000  -0.06682000
 0.59489000  -0.06029000
 0.61448000  -0.05363000
 0.63399000  -0.04702000
 0.65318000  -0.04061000
 0.67195000  -0.03451000
 0.69027000  -0.02881000
 0.70817000  -0.02353000
 0.72568000  -0.01869000
 0.74284000  -0.01431000
 0.75969000  -0.01038000
 0.77628000  -0.00692000
 0.79267000  -0.00396000
 0.80894000  -0.00146000
 0.82510000   0.00061000
 0.84116000   0.00226000
 0.85709000   0.00352000
 0.87286000   0.00437000
 0.88845000   0.00480000
 0.90386000   0.00480000
 0.91909000   0.00437000
 0.93413000   0.00352000
 0.94896000   0.00229000
 0.96351000   0.00075000
 0.97768000  -0.00103000
 0.99131000  -0.00287000
 1.00000000  -0.00408000
