FFA-W3-241_FFA-W3-211_blend_t21.5
       122   NumCoords         ! Number of coordinates including the reference point.
! x-y coordinate of airfoil reference
0.25        0
! coordinates of airfoil shape
 3.00000000  -241.00000000
 1.00000000   0.00162000
 0.98966000   0.00343000
 0.97177000   0.00650000
 0.95126000   0.01010000
 0.92858000   0.01426000
 0.90445000   0.01882000
 0.87944000   0.02368000
 0.85398000   0.02876000
 0.82820000   0.03401000
 0.80236000   0.03938000
 0.77641000   0.04490000
 0.75030000   0.05054000
 0.72405000   0.05627000
 0.69774000   0.06202000
 0.67154000   0.06772000
 0.64552000   0.07333000
 0.61977000   0.07879000
 0.59432000   0.08402000
 0.56908000   0.08900000
 0.54396000   0.09373000
 0.51901000   0.09820000
 0.49431000   0.10235000
 0.46988000   0.10615000
 0.44571000   0.10956000
 0.42187000   0.11255000
 0.39838000   0.11506000
 0.37524000   0.11707000
 0.35250000   0.11854000
 0.33024000   0.11942000
 0.30839000   0.11965000
 0.28685000   0.11922000
 0.26562000   0.11812000
 0.24469000   0.11633000
 0.22402000   0.11385000
 0.20365000   0.11069000
 0.18367000   0.10689000
 0.16423000   0.10247000
 0.14546000   0.09749000
 0.12757000   0.09201000
 0.11077000   0.08616000
 0.09528000   0.08008000
 0.08130000   0.07395000
 0.06891000   0.06791000
 0.05809000   0.06208000
 0.04874000   0.05653000
 0.04070000   0.05130000
 0.03381000   0.04639000
 0.02789000   0.04178000
 0.02280000   0.03744000
 0.01842000   0.03332000
 0.01465000   0.02942000
 0.01141000   0.02569000
 0.00865000   0.02213000
 0.00632000   0.01868000
 0.00438000   0.01532000
 0.00281000   0.01204000
 0.00157000   0.00889000
 0.00068000   0.00587000
 0.00016000   0.00295000
 0.00002000   0.00007000
 0.00028000  -0.00283000
 0.00096000  -0.00578000
 0.00211000  -0.00873000
 0.00378000  -0.01163000
 0.00593000  -0.01450000
 0.00852000  -0.01736000
 0.01154000  -0.02024000
 0.01502000  -0.02317000
 0.01900000  -0.02619000
 0.02356000  -0.02935000
 0.02880000  -0.03268000
 0.03483000  -0.03620000
 0.04182000  -0.03996000
 0.04998000  -0.04399000
 0.05951000  -0.04833000
 0.07065000  -0.05298000
 0.08354000  -0.05791000
 0.09826000  -0.06300000
 0.11471000  -0.06811000
 0.13264000  -0.07307000
 0.15175000  -0.07771000
 0.17172000  -0.08191000
 0.19228000  -0.08558000
 0.21329000  -0.08866000
 0.23464000  -0.09114000
 0.25622000  -0.09301000
 0.27793000  -0.09427000
 0.29969000  -0.09490000
 0.32147000  -0.09488000
 0.34326000  -0.09423000
 0.36507000  -0.09292000
 0.38692000  -0.09097000
 0.40881000  -0.08838000
 0.43076000  -0.08515000
 0.45282000  -0.08127000
 0.47509000  -0.07673000
 0.49782000  -0.07151000
 0.52119000  -0.06566000
 0.54522000  -0.05930000
 0.56981000  -0.05255000
 0.59473000  -0.04559000
 0.61961000  -0.03865000
 0.64412000  -0.03196000
 0.66814000  -0.02568000
 0.69169000  -0.01989000
 0.71489000  -0.01462000
 0.73784000  -0.00989000
 0.76054000  -0.00572000
 0.78295000  -0.00214000
 0.80514000   0.00082000
 0.82717000   0.00314000
 0.84905000   0.00483000
 0.87072000   0.00590000
 0.89210000   0.00632000
 0.91309000   0.00608000
 0.93360000   0.00519000
 0.95346000   0.00370000
 0.97235000   0.00177000
 0.98967000  -0.00029000
 1.00000000  -0.00159000
