FFA-W3-241_FFA-W3-211_blend_t22.5
       122   NumCoords         ! Number of coordinates including the reference point.
! x-y coordinate of airfoil reference
0.25        0
! coordinates of airfoil shape
 3.00000000  -241.00000000
 1.00000000   0.00251000
 0.98904000   0.00454000
 0.97025000   0.00798000
 0.94878000   0.01198000
 0.92508000   0.01652000
 0.89979000   0.02148000
 0.87349000   0.02677000
 0.84658000   0.03230000
 0.81931000   0.03800000
 0.79188000   0.04383000
 0.76426000   0.04980000
 0.73650000   0.05586000
 0.70871000   0.06194000
 0.68101000   0.06797000
 0.65351000   0.07390000
 0.62629000   0.07966000
 0.59940000   0.08519000
 0.57278000   0.09045000
 0.54637000   0.09542000
 0.52018000   0.10009000
 0.49428000   0.10441000
 0.46871000   0.10835000
 0.44347000   0.11187000
 0.41861000   0.11492000
 0.39416000   0.11746000
 0.37014000   0.11946000
 0.34660000   0.12089000
 0.32358000   0.12169000
 0.30101000   0.12182000
 0.27887000   0.12126000
 0.25714000   0.12001000
 0.23582000   0.11806000
 0.21494000   0.11542000
 0.19458000   0.11212000
 0.17488000   0.10819000
 0.15596000   0.10369000
 0.13800000   0.09869000
 0.12118000   0.09330000
 0.10565000   0.08766000
 0.09153000   0.08190000
 0.07888000   0.07614000
 0.06767000   0.07050000
 0.05782000   0.06504000
 0.04920000   0.05980000
 0.04167000   0.05479000
 0.03510000   0.05001000
 0.02935000   0.04546000
 0.02433000   0.04112000
 0.01994000   0.03695000
 0.01611000   0.03293000
 0.01276000   0.02906000
 0.00986000   0.02533000
 0.00738000   0.02171000
 0.00530000   0.01816000
 0.00358000   0.01468000
 0.00221000   0.01128000
 0.00115000   0.00799000
 0.00042000   0.00484000
 0.00005000   0.00177000
 0.00006000  -0.00130000
 0.00045000  -0.00439000
 0.00128000  -0.00752000
 0.00260000  -0.01064000
 0.00442000  -0.01372000
 0.00668000  -0.01680000
 0.00933000  -0.01988000
 0.01238000  -0.02298000
 0.01586000  -0.02614000
 0.01981000  -0.02939000
 0.02428000  -0.03275000
 0.02934000  -0.03625000
 0.03508000  -0.03992000
 0.04161000  -0.04379000
 0.04908000  -0.04788000
 0.05764000  -0.05224000
 0.06746000  -0.05686000
 0.07870000  -0.06173000
 0.09151000  -0.06679000
 0.10593000  -0.07195000
 0.12192000  -0.07710000
 0.13933000  -0.08206000
 0.15794000  -0.08669000
 0.17752000  -0.09087000
 0.19786000  -0.09449000
 0.21877000  -0.09751000
 0.24015000  -0.09988000
 0.26185000  -0.10159000
 0.28378000  -0.10263000
 0.30583000  -0.10299000
 0.32799000  -0.10265000
 0.35022000  -0.10162000
 0.37253000  -0.09989000
 0.39492000  -0.09746000
 0.41742000  -0.09433000
 0.44004000  -0.09051000
 0.46286000  -0.08599000
 0.48601000  -0.08073000
 0.50973000  -0.07475000
 0.53411000  -0.06812000
 0.55915000  -0.06095000
 0.58473000  -0.05338000
 0.61060000  -0.04562000
 0.63629000  -0.03798000
 0.66140000  -0.03075000
 0.68586000  -0.02406000
 0.70979000  -0.01800000
 0.73330000  -0.01257000
 0.75640000  -0.00780000
 0.77913000  -0.00374000
 0.80158000  -0.00041000
 0.82389000   0.00220000
 0.84605000   0.00412000
 0.86800000   0.00536000
 0.88961000   0.00590000
 0.91082000   0.00572000
 0.93158000   0.00482000
 0.95175000   0.00327000
 0.97108000   0.00124000
 0.98908000  -0.00096000
 1.00000000  -0.00236000
