FFA-W3-241_FFA-W3-211_blend_t23.3
       122   NumCoords         ! Number of coordinates including the reference point.
! x-y coordinate of airfoil reference
0.25        0
! coordinates of airfoil shape
 3.00000000  -241.00000000
 1.00000000   0.00326000
 0.98843000   0.00551000
 0.96871000   0.00932000
 0.94625000   0.01370000
 0.92148000   0.01861000
 0.89500000   0.02397000
 0.86735000   0.02968000
 0.83894000   0.03565000
 0.81010000   0.04181000
 0.78099000   0.04811000
 0.75167000   0.05451000
 0.72229000   0.06095000
 0.69302000   0.06734000
 0.66397000   0.07361000
 0.63520000   0.07971000
 0.60680000   0.08557000
 0.57873000   0.09114000
 0.55097000   0.09639000
 0.52349000   0.10130000
 0.49635000   0.10584000
 0.46961000   0.10995000
 0.44328000   0.11361000
 0.41739000   0.11676000
 0.39198000   0.11937000
 0.36708000   0.12140000
 0.34275000   0.12283000
 0.31900000   0.12359000
 0.29580000   0.12367000
 0.27316000   0.12305000
 0.25107000   0.12171000
 0.22956000   0.11968000
 0.20870000   0.11698000
 0.18861000   0.11364000
 0.16939000   0.10971000
 0.15119000   0.10528000
 0.13414000   0.10043000
 0.11833000   0.09526000
 0.10387000   0.08992000
 0.09078000   0.08450000
 0.07903000   0.07909000
 0.06854000   0.07377000
 0.05922000   0.06858000
 0.05097000   0.06355000
 0.04366000   0.05869000
 0.03719000   0.05400000
 0.03145000   0.04948000
 0.02636000   0.04511000
 0.02187000   0.04088000
 0.01790000   0.03676000
 0.01440000   0.03275000
 0.01132000   0.02884000
 0.00864000   0.02505000
 0.00636000   0.02133000
 0.00447000   0.01766000
 0.00293000   0.01404000
 0.00172000   0.01049000
 0.00082000   0.00707000
 0.00024000   0.00376000
 0.00000000   0.00051000
 0.00014000  -0.00275000
 0.00067000  -0.00604000
 0.00167000  -0.00936000
 0.00317000  -0.01265000
 0.00513000  -0.01594000
 0.00747000  -0.01922000
 0.01019000  -0.02252000
 0.01331000  -0.02584000
 0.01684000  -0.02921000
 0.02082000  -0.03266000
 0.02528000  -0.03620000
 0.03026000  -0.03987000
 0.03585000  -0.04369000
 0.04213000  -0.04767000
 0.04920000  -0.05184000
 0.05717000  -0.05622000
 0.06618000  -0.06082000
 0.07636000  -0.06563000
 0.08784000  -0.07061000
 0.10072000  -0.07571000
 0.11504000  -0.08085000
 0.13078000  -0.08589000
 0.14786000  -0.09071000
 0.16613000  -0.09518000
 0.18542000  -0.09918000
 0.20555000  -0.10262000
 0.22637000  -0.10542000
 0.24775000  -0.10756000
 0.26955000  -0.10900000
 0.29166000  -0.10974000
 0.31398000  -0.10974000
 0.33648000  -0.10901000
 0.35914000  -0.10753000
 0.38193000  -0.10531000
 0.40487000  -0.10233000
 0.42798000  -0.09861000
 0.45130000  -0.09414000
 0.47490000  -0.08890000
 0.49899000  -0.08287000
 0.52371000  -0.07608000
 0.54912000  -0.06862000
 0.57521000  -0.06059000
 0.60185000  -0.05217000
 0.62859000  -0.04369000
 0.65477000  -0.03556000
 0.68014000  -0.02802000
 0.70480000  -0.02119000
 0.72887000  -0.01510000
 0.75239000  -0.00977000
 0.77543000  -0.00525000
 0.79813000  -0.00156000
 0.82067000   0.00132000
 0.84307000   0.00346000
 0.86524000   0.00487000
 0.88708000   0.00553000
 0.90850000   0.00541000
 0.92951000   0.00453000
 0.95002000   0.00295000
 0.96981000   0.00082000
 0.98849000  -0.00152000
 1.00000000  -0.00303000
