FFA-W3-330blend_FFA-W3-301_blend_t32.0
       170   NumCoords         ! Number of coordinates including the reference point.
! x-y coordinate of airfoil reference
0.25        0
! coordinates of airfoil shape
 3.00000000  -330.00000000
 1.00000000   0.01137000
 0.98843000   0.01429000
 0.96935000   0.01905000
 0.94822000   0.02426000
 0.92533000   0.02993000
 0.90108000   0.03606000
 0.87579000   0.04255000
 0.84992000   0.04924000
 0.82370000   0.05608000
 0.79710000   0.06302000
 0.77024000   0.07001000
 0.74323000   0.07700000
 0.71629000   0.08392000
 0.68950000   0.09068000
 0.66303000   0.09726000
 0.63681000   0.10364000
 0.61080000   0.10982000
 0.58509000   0.11577000
 0.55981000   0.12143000
 0.53501000   0.12678000
 0.51078000   0.13179000
 0.48713000   0.13645000
 0.46414000   0.14072000
 0.44180000   0.14458000
 0.42013000   0.14801000
 0.39912000   0.15101000
 0.37878000   0.15360000
 0.35914000   0.15575000
 0.34018000   0.15747000
 0.32192000   0.15879000
 0.30434000   0.15969000
 0.28748000   0.16020000
 0.27132000   0.16032000
 0.25583000   0.16005000
 0.24099000   0.15944000
 0.22679000   0.15847000
 0.21322000   0.15719000
 0.20024000   0.15559000
 0.18784000   0.15368000
 0.17598000   0.15148000
 0.16464000   0.14902000
 0.15381000   0.14630000
 0.14347000   0.14335000
 0.13359000   0.14020000
 0.12418000   0.13686000
 0.11523000   0.13334000
 0.10672000   0.12967000
 0.09864000   0.12585000
 0.09097000   0.12192000
 0.08372000   0.11789000
 0.07686000   0.11376000
 0.07038000   0.10956000
 0.06427000   0.10530000
 0.05853000   0.10099000
 0.05313000   0.09666000
 0.04806000   0.09231000
 0.04333000   0.08795000
 0.03889000   0.08359000
 0.03477000   0.07924000
 0.03093000   0.07491000
 0.02737000   0.07060000
 0.02407000   0.06633000
 0.02102000   0.06209000
 0.01822000   0.05790000
 0.01565000   0.05375000
 0.01330000   0.04965000
 0.01117000   0.04560000
 0.00927000   0.04160000
 0.00760000   0.03764000
 0.00613000   0.03373000
 0.00487000   0.02987000
 0.00379000   0.02606000
 0.00286000   0.02232000
 0.00206000   0.01865000
 0.00138000   0.01505000
 0.00082000   0.01153000
 0.00040000   0.00809000
 0.00013000   0.00475000
 0.00000000   0.00150000
 0.00003000  -0.00174000
 0.00022000  -0.00502000
 0.00057000  -0.00840000
 0.00107000  -0.01185000
 0.00172000  -0.01538000
 0.00249000  -0.01897000
 0.00340000  -0.02262000
 0.00450000  -0.02633000
 0.00578000  -0.03008000
 0.00727000  -0.03389000
 0.00896000  -0.03775000
 0.01087000  -0.04164000
 0.01300000  -0.04558000
 0.01536000  -0.04957000
 0.01794000  -0.05361000
 0.02075000  -0.05770000
 0.02381000  -0.06184000
 0.02711000  -0.06603000
 0.03068000  -0.07025000
 0.03454000  -0.07450000
 0.03870000  -0.07878000
 0.04317000  -0.08308000
 0.04795000  -0.08740000
 0.05308000  -0.09173000
 0.05856000  -0.09606000
 0.06440000  -0.10039000
 0.07062000  -0.10471000
 0.07724000  -0.10899000
 0.08426000  -0.11322000
 0.09171000  -0.11739000
 0.09959000  -0.12148000
 0.10793000  -0.12547000
 0.11672000  -0.12935000
 0.12597000  -0.13310000
 0.13570000  -0.13670000
 0.14588000  -0.14013000
 0.15654000  -0.14335000
 0.16766000  -0.14636000
 0.17924000  -0.14912000
 0.19127000  -0.15162000
 0.20374000  -0.15384000
 0.21664000  -0.15576000
 0.22993000  -0.15735000
 0.24361000  -0.15860000
 0.25766000  -0.15949000
 0.27206000  -0.16001000
 0.28679000  -0.16014000
 0.30184000  -0.15987000
 0.31718000  -0.15918000
 0.33281000  -0.15808000
 0.34870000  -0.15655000
 0.36485000  -0.15458000
 0.38126000  -0.15215000
 0.39793000  -0.14927000
 0.41486000  -0.14591000
 0.43208000  -0.14207000
 0.44963000  -0.13772000
 0.46756000  -0.13283000
 0.48593000  -0.12740000
 0.50480000  -0.12140000
 0.52424000  -0.11482000
 0.54432000  -0.10765000
 0.56510000  -0.09986000
 0.58664000  -0.09147000
 0.60888000  -0.08258000
 0.63150000  -0.07343000
 0.65386000  -0.06439000
 0.67541000  -0.05580000
 0.69594000  -0.04785000
 0.71545000  -0.04062000
 0.73406000  -0.03409000
 0.75187000  -0.02822000
 0.76897000  -0.02300000
 0.78549000  -0.01841000
 0.80155000  -0.01440000
 0.81722000  -0.01091000
 0.83251000  -0.00794000
 0.84747000  -0.00545000
 0.86212000  -0.00345000
 0.87651000  -0.00194000
 0.89069000  -0.00090000
 0.90472000  -0.00035000
 0.91865000  -0.00027000
 0.93253000  -0.00065000
 0.94639000  -0.00150000
 0.96031000  -0.00288000
 0.97447000  -0.00500000
 0.98932000  -0.00806000
 1.00000000  -0.01068000
