FFA-W3-270blend_FFA-W3-241_blend_t25.2
       170   NumCoords         ! Number of coordinates including the reference point.
! x-y coordinate of airfoil reference
0.25        0
! coordinates of airfoil shape
 3.00000000  -270.00000000
 1.00000000   0.00490000
 0.99113000   0.00675000
 0.97662000   0.00978000
 0.96065000   0.01311000
 0.94328000   0.01672000
 0.92465000   0.02062000
 0.90498000   0.02481000
 0.88445000   0.02923000
 0.86325000   0.03385000
 0.84157000   0.03863000
 0.81957000   0.04350000
 0.79740000   0.04846000
 0.77516000   0.05344000
 0.75291000   0.05844000
 0.73059000   0.06344000
 0.70826000   0.06842000
 0.68599000   0.07333000
 0.66385000   0.07816000
 0.64186000   0.08287000
 0.62005000   0.08745000
 0.59844000   0.09187000
 0.57702000   0.09611000
 0.55581000   0.10017000
 0.53482000   0.10402000
 0.51406000   0.10765000
 0.49355000   0.11106000
 0.47330000   0.11421000
 0.45334000   0.11710000
 0.43367000   0.11971000
 0.41430000   0.12202000
 0.39525000   0.12404000
 0.37654000   0.12573000
 0.35819000   0.12710000
 0.34021000   0.12813000
 0.32261000   0.12881000
 0.30540000   0.12914000
 0.28859000   0.12910000
 0.27219000   0.12870000
 0.25620000   0.12794000
 0.24065000   0.12683000
 0.22554000   0.12538000
 0.21093000   0.12361000
 0.19682000   0.12153000
 0.18325000   0.11915000
 0.17023000   0.11650000
 0.15779000   0.11362000
 0.14594000   0.11052000
 0.13471000   0.10725000
 0.12410000   0.10383000
 0.11411000   0.10031000
 0.10474000   0.09672000
 0.09597000   0.09307000
 0.08778000   0.08940000
 0.08016000   0.08572000
 0.07306000   0.08206000
 0.06647000   0.07842000
 0.06035000   0.07482000
 0.05467000   0.07126000
 0.04940000   0.06775000
 0.04452000   0.06428000
 0.03999000   0.06086000
 0.03580000   0.05749000
 0.03191000   0.05418000
 0.02828000   0.05095000
 0.02492000   0.04777000
 0.02183000   0.04464000
 0.01898000   0.04154000
 0.01637000   0.03847000
 0.01398000   0.03544000
 0.01179000   0.03246000
 0.00979000   0.02951000
 0.00797000   0.02660000
 0.00635000   0.02371000
 0.00494000   0.02085000
 0.00373000   0.01801000
 0.00270000   0.01520000
 0.00185000   0.01242000
 0.00116000   0.00968000
 0.00063000   0.00698000
 0.00026000   0.00436000
 0.00005000   0.00179000
 0.00000000  -0.00075000
 0.00014000  -0.00328000
 0.00047000  -0.00585000
 0.00104000  -0.00847000
 0.00187000  -0.01110000
 0.00295000  -0.01374000
 0.00424000  -0.01638000
 0.00573000  -0.01902000
 0.00740000  -0.02167000
 0.00927000  -0.02433000
 0.01132000  -0.02702000
 0.01358000  -0.02972000
 0.01606000  -0.03243000
 0.01874000  -0.03517000
 0.02164000  -0.03796000
 0.02475000  -0.04080000
 0.02811000  -0.04369000
 0.03173000  -0.04663000
 0.03562000  -0.04964000
 0.03982000  -0.05271000
 0.04433000  -0.05586000
 0.04919000  -0.05910000
 0.05443000  -0.06242000
 0.06007000  -0.06584000
 0.06614000  -0.06934000
 0.07269000  -0.07291000
 0.07974000  -0.07655000
 0.08734000  -0.08024000
 0.09551000  -0.08396000
 0.10426000  -0.08770000
 0.11363000  -0.09143000
 0.12362000  -0.09510000
 0.13422000  -0.09870000
 0.14543000  -0.10217000
 0.15722000  -0.10547000
 0.16958000  -0.10858000
 0.18247000  -0.11146000
 0.19584000  -0.11406000
 0.20967000  -0.11636000
 0.22391000  -0.11834000
 0.23853000  -0.11998000
 0.25347000  -0.12126000
 0.26871000  -0.12218000
 0.28420000  -0.12273000
 0.29990000  -0.12288000
 0.31580000  -0.12264000
 0.33187000  -0.12200000
 0.34809000  -0.12096000
 0.36445000  -0.11951000
 0.38094000  -0.11764000
 0.39757000  -0.11537000
 0.41433000  -0.11267000
 0.43125000  -0.10956000
 0.44833000  -0.10603000
 0.46559000  -0.10207000
 0.48309000  -0.09767000
 0.50086000  -0.09283000
 0.51896000  -0.08756000
 0.53742000  -0.08187000
 0.55626000  -0.07580000
 0.57548000  -0.06937000
 0.59502000  -0.06268000
 0.61472000  -0.05585000
 0.63435000  -0.04906000
 0.65366000  -0.04247000
 0.67253000  -0.03620000
 0.69093000  -0.03034000
 0.70888000  -0.02492000
 0.72641000  -0.01996000
 0.74357000  -0.01545000
 0.76038000  -0.01142000
 0.77691000  -0.00787000
 0.79323000  -0.00482000
 0.80941000  -0.00223000
 0.82548000  -0.00009000
 0.84143000   0.00163000
 0.85725000   0.00296000
 0.87291000   0.00387000
 0.88839000   0.00435000
 0.90369000   0.00440000
 0.91884000   0.00401000
 0.93382000   0.00319000
 0.94862000   0.00199000
 0.96318000   0.00045000
 0.97741000  -0.00136000
 0.99118000  -0.00329000
 1.00000000  -0.00456000
