FFA-W3-270blend_FFA-W3-241_blend_t26.9
       170   NumCoords         ! Number of coordinates including the reference point.
! x-y coordinate of airfoil reference
0.25        0
! coordinates of airfoil shape
 3.00000000  -270.00000000
 1.00000000   0.00644000
 0.99038000   0.00855000
 0.97463000   0.01199000
 0.95730000   0.01577000
 0.93851000   0.01986000
 0.91849000   0.02426000
 0.89748000   0.02897000
 0.87567000   0.03391000
 0.85325000   0.03905000
 0.83043000   0.04432000
 0.80749000   0.04965000
 0.78467000   0.05495000
 0.76206000   0.06020000
 0.73947000   0.06543000
 0.71674000   0.07065000
 0.69403000   0.07581000
 0.67149000   0.08085000
 0.64917000   0.08576000
 0.62695000   0.09055000
 0.60491000   0.09517000
 0.58297000   0.09964000
 0.56102000   0.10396000
 0.53920000   0.10809000
 0.51758000   0.11199000
 0.49622000   0.11565000
 0.47518000   0.11904000
 0.45448000   0.12213000
 0.43412000   0.12492000
 0.41415000   0.12740000
 0.39456000   0.12954000
 0.37540000   0.13134000
 0.35667000   0.13280000
 0.33840000   0.13392000
 0.32060000   0.13466000
 0.30328000   0.13505000
 0.28645000   0.13508000
 0.27012000   0.13474000
 0.25430000   0.13406000
 0.23898000   0.13302000
 0.22419000   0.13165000
 0.20993000   0.12999000
 0.19624000   0.12800000
 0.18310000   0.12572000
 0.17050000   0.12318000
 0.15847000   0.12039000
 0.14702000   0.11739000
 0.13613000   0.11419000
 0.12581000   0.11084000
 0.11605000   0.10736000
 0.10686000   0.10378000
 0.09821000   0.10012000
 0.09010000   0.09640000
 0.08250000   0.09266000
 0.07539000   0.08889000
 0.06875000   0.08513000
 0.06256000   0.08138000
 0.05680000   0.07765000
 0.05143000   0.07394000
 0.04643000   0.07027000
 0.04179000   0.06663000
 0.03749000   0.06300000
 0.03351000   0.05941000
 0.02977000   0.05589000
 0.02626000   0.05248000
 0.02301000   0.04913000
 0.02003000   0.04581000
 0.01730000   0.04252000
 0.01479000   0.03927000
 0.01250000   0.03605000
 0.01041000   0.03287000
 0.00852000   0.02973000
 0.00681000   0.02662000
 0.00532000   0.02355000
 0.00403000   0.02049000
 0.00294000   0.01747000
 0.00203000   0.01448000
 0.00130000   0.01152000
 0.00073000   0.00860000
 0.00033000   0.00575000
 0.00008000   0.00296000
-0.00000000   0.00022000
 0.00008000  -0.00251000
 0.00034000  -0.00528000
 0.00082000  -0.00809000
 0.00155000  -0.01093000
 0.00252000  -0.01380000
 0.00370000  -0.01668000
 0.00508000  -0.01958000
 0.00665000  -0.02250000
 0.00841000  -0.02545000
 0.01036000  -0.02843000
 0.01252000  -0.03143000
 0.01490000  -0.03444000
 0.01751000  -0.03749000
 0.02032000  -0.04059000
 0.02336000  -0.04376000
 0.02664000  -0.04697000
 0.03018000  -0.05024000
 0.03400000  -0.05357000
 0.03812000  -0.05698000
 0.04255000  -0.06046000
 0.04732000  -0.06403000
 0.05244000  -0.06770000
 0.05793000  -0.07147000
 0.06382000  -0.07531000
 0.07015000  -0.07920000
 0.07695000  -0.08314000
 0.08423000  -0.08711000
 0.09202000  -0.09111000
 0.10034000  -0.09508000
 0.10919000  -0.09904000
 0.11859000  -0.10294000
 0.12853000  -0.10674000
 0.13900000  -0.11041000
 0.15001000  -0.11391000
 0.16153000  -0.11722000
 0.17354000  -0.12031000
 0.18602000  -0.12313000
 0.19895000  -0.12568000
 0.21230000  -0.12791000
 0.22605000  -0.12981000
 0.24017000  -0.13138000
 0.25463000  -0.13259000
 0.26941000  -0.13343000
 0.28446000  -0.13389000
 0.29978000  -0.13397000
 0.31532000  -0.13365000
 0.33108000  -0.13292000
 0.34703000  -0.13179000
 0.36316000  -0.13026000
 0.37947000  -0.12829000
 0.39595000  -0.12591000
 0.41261000  -0.12309000
 0.42947000  -0.11985000
 0.44653000  -0.11617000
 0.46381000  -0.11204000
 0.48135000  -0.10746000
 0.49919000  -0.10241000
 0.51739000  -0.09689000
 0.53601000  -0.09090000
 0.55506000  -0.08446000
 0.57455000  -0.07761000
 0.59441000  -0.07043000
 0.61444000  -0.06306000
 0.63443000  -0.05571000
 0.65418000  -0.04852000
 0.67345000  -0.04167000
 0.69216000  -0.03527000
 0.71031000  -0.02936000
 0.72794000  -0.02397000
 0.74509000  -0.01909000
 0.76180000  -0.01471000
 0.77814000  -0.01085000
 0.79421000  -0.00753000
 0.81010000  -0.00470000
 0.82585000  -0.00231000
 0.84145000  -0.00036000
 0.85690000   0.00118000
 0.87220000   0.00228000
 0.88733000   0.00295000
 0.90232000   0.00316000
 0.91722000   0.00292000
 0.93205000   0.00223000
 0.94681000   0.00112000
 0.96150000  -0.00039000
 0.97608000  -0.00230000
 0.99052000  -0.00452000
 1.00000000  -0.00605000
