FFA-W3-241_FFA-W3-211_blend_t22.2
       122   NumCoords         ! Number of coordinates including the reference point.
! x-y coordinate of airfoil reference
0.25        0
! coordinates of airfoil shape
 3.00000000  -241.00000000
 1.00000000   0.00227000
 0.98922000   0.00424000
 0.97069000   0.00758000
 0.94950000   0.01147000
 0.92609000   0.01590000
 0.90112000   0.02075000
 0.87519000   0.02592000
 0.84870000   0.03132000
 0.82186000   0.03689000
 0.79489000   0.04260000
 0.76774000   0.04844000
 0.74045000   0.05438000
 0.71308000   0.06037000
 0.68577000   0.06633000
 0.65864000   0.07219000
 0.63175000   0.07792000
 0.60519000   0.08343000
 0.57890000   0.08868000
 0.55281000   0.09366000
 0.52691000   0.09835000
 0.50127000   0.10273000
 0.47594000   0.10673000
 0.45091000   0.11034000
 0.42624000   0.11350000
 0.40195000   0.11618000
 0.37806000   0.11833000
 0.35460000   0.11993000
 0.33165000   0.12093000
 0.30917000   0.12127000
 0.28708000   0.12094000
 0.26537000   0.11992000
 0.24404000   0.11821000
 0.22308000   0.11580000
 0.20256000   0.11271000
 0.18257000   0.10898000
 0.16326000   0.10465000
 0.14478000   0.09977000
 0.12732000   0.09445000
 0.11107000   0.08880000
 0.09619000   0.08297000
 0.08279000   0.07709000
 0.07088000   0.07130000
 0.06042000   0.06568000
 0.05128000   0.06030000
 0.04333000   0.05516000
 0.03642000   0.05028000
 0.03041000   0.04565000
 0.02519000   0.04125000
 0.02064000   0.03705000
 0.01668000   0.03302000
 0.01323000   0.02914000
 0.01025000   0.02542000
 0.00771000   0.02182000
 0.00556000   0.01830000
 0.00379000   0.01486000
 0.00236000   0.01149000
 0.00126000   0.00825000
 0.00049000   0.00513000
 0.00008000   0.00211000
 0.00004000  -0.00090000
 0.00040000  -0.00395000
 0.00118000  -0.00702000
 0.00246000  -0.01009000
 0.00424000  -0.01312000
 0.00647000  -0.01614000
 0.00910000  -0.01915000
 0.01213000  -0.02220000
 0.01561000  -0.02530000
 0.01956000  -0.02848000
 0.02405000  -0.03179000
 0.02915000  -0.03524000
 0.03495000  -0.03887000
 0.04159000  -0.04271000
 0.04922000  -0.04679000
 0.05801000  -0.05114000
 0.06815000  -0.05577000
 0.07980000  -0.06066000
 0.09308000  -0.06574000
 0.10804000  -0.07091000
 0.12456000  -0.07603000
 0.14247000  -0.08093000
 0.16150000  -0.08547000
 0.18141000  -0.08952000
 0.20197000  -0.09300000
 0.22305000  -0.09587000
 0.24452000  -0.09810000
 0.26626000  -0.09969000
 0.28816000  -0.10061000
 0.31016000  -0.10086000
 0.33222000  -0.10043000
 0.35435000  -0.09931000
 0.37654000  -0.09751000
 0.39880000  -0.09503000
 0.42115000  -0.09187000
 0.44362000  -0.08803000
 0.46628000  -0.08349000
 0.48931000  -0.07823000
 0.51293000  -0.07229000
 0.53721000  -0.06572000
 0.56213000  -0.05866000
 0.58754000  -0.05124000
 0.61316000  -0.04369000
 0.63853000  -0.03631000
 0.66332000  -0.02934000
 0.68752000  -0.02290000
 0.71125000  -0.01706000
 0.73459000  -0.01183000
 0.75758000  -0.00722000
 0.78021000  -0.00329000
 0.80259000  -0.00007000
 0.82482000   0.00246000
 0.84691000   0.00432000
 0.86878000   0.00551000
 0.89033000   0.00601000
 0.91148000   0.00581000
 0.93216000   0.00491000
 0.95225000   0.00338000
 0.97145000   0.00138000
 0.98925000  -0.00078000
 1.00000000  -0.00216000
