FFA-W3-241_FFA-W3-211_blend_t22.3
       122   NumCoords         ! Number of coordinates including the reference point.
! x-y coordinate of airfoil reference
0.25        0
! coordinates of airfoil shape
 3.00000000  -241.00000000
 1.00000000   0.00238000
 0.98914000   0.00437000
 0.97050000   0.00776000
 0.94919000   0.01169000
 0.92565000   0.01617000
 0.90054000   0.02107000
 0.87445000   0.02629000
 0.84777000   0.03175000
 0.82074000   0.03738000
 0.79357000   0.04314000
 0.76622000   0.04904000
 0.73873000   0.05503000
 0.71117000   0.06106000
 0.68369000   0.06705000
 0.65639000   0.07294000
 0.62936000   0.07868000
 0.60265000   0.08421000
 0.57622000   0.08946000
 0.54999000   0.09444000
 0.52396000   0.09912000
 0.49821000   0.10347000
 0.47277000   0.10745000
 0.44765000   0.11102000
 0.42289000   0.11413000
 0.39853000   0.11675000
 0.37458000   0.11884000
 0.35108000   0.12036000
 0.32810000   0.12127000
 0.30558000   0.12152000
 0.28346000   0.12109000
 0.26174000   0.11997000
 0.24041000   0.11815000
 0.21948000   0.11564000
 0.19902000   0.11246000
 0.17915000   0.10864000
 0.16000000   0.10423000
 0.14174000   0.09930000
 0.12456000   0.09394000
 0.10862000   0.08829000
 0.09408000   0.08248000
 0.08101000   0.07666000
 0.06942000   0.07093000
 0.05923000   0.06539000
 0.05034000   0.06007000
 0.04258000   0.05499000
 0.03582000   0.05016000
 0.02993000   0.04557000
 0.02480000   0.04119000
 0.02033000   0.03700000
 0.01642000   0.03298000
 0.01302000   0.02910000
 0.01007000   0.02538000
 0.00756000   0.02177000
 0.00545000   0.01824000
 0.00370000   0.01478000
 0.00229000   0.01140000
 0.00121000   0.00814000
 0.00046000   0.00500000
 0.00006000   0.00196000
 0.00005000  -0.00108000
 0.00042000  -0.00414000
 0.00123000  -0.00724000
 0.00252000  -0.01033000
 0.00432000  -0.01339000
 0.00656000  -0.01643000
 0.00920000  -0.01947000
 0.01224000  -0.02254000
 0.01571000  -0.02567000
 0.01967000  -0.02888000
 0.02415000  -0.03221000
 0.02923000  -0.03568000
 0.03500000  -0.03933000
 0.04159000  -0.04319000
 0.04915000  -0.04727000
 0.05783000  -0.05162000
 0.06783000  -0.05625000
 0.07929000  -0.06113000
 0.09236000  -0.06620000
 0.10708000  -0.07137000
 0.12337000  -0.07650000
 0.14105000  -0.08143000
 0.15991000  -0.08601000
 0.17967000  -0.09012000
 0.20014000  -0.09367000
 0.22115000  -0.09660000
 0.24258000  -0.09889000
 0.26431000  -0.10053000
 0.28623000  -0.10151000
 0.30825000  -0.10181000
 0.33036000  -0.10142000
 0.35253000  -0.10034000
 0.37477000  -0.09857000
 0.39709000  -0.09611000
 0.41951000  -0.09296000
 0.44205000  -0.08913000
 0.46477000  -0.08460000
 0.48786000  -0.07934000
 0.51152000  -0.07337000
 0.53585000  -0.06678000
 0.56081000  -0.05967000
 0.58630000  -0.05218000
 0.61204000  -0.04454000
 0.63755000  -0.03705000
 0.66248000  -0.02996000
 0.68680000  -0.02341000
 0.71061000  -0.01747000
 0.73402000  -0.01215000
 0.75707000  -0.00748000
 0.77974000  -0.00349000
 0.80215000  -0.00022000
 0.82441000   0.00235000
 0.84653000   0.00423000
 0.86844000   0.00544000
 0.89002000   0.00596000
 0.91119000   0.00577000
 0.93190000   0.00487000
 0.95203000   0.00333000
 0.97129000   0.00132000
 0.98917000  -0.00086000
 1.00000000  -0.00225000
