FFA-W3-301_FFA-W3-270blend_blend_t28.9
       170   NumCoords         ! Number of coordinates including the reference point.
! x-y coordinate of airfoil reference
0.25        0
! coordinates of airfoil shape
 3.00000000  -301.00000000
 1.00000000   0.00829000
 0.98979000   0.01065000
 0.97293000   0.01453000
 0.95421000   0.01880000
 0.93383000   0.02347000
 0.91204000   0.02855000
 0.88899000   0.03403000
 0.86494000   0.03981000
 0.84011000   0.04584000
 0.81469000   0.05204000
 0.78896000   0.05832000
 0.76318000   0.06459000
 0.73753000   0.07080000
 0.71213000   0.07688000
 0.68699000   0.08281000
 0.66213000   0.08856000
 0.63756000   0.09412000
 0.61329000   0.09946000
 0.58933000   0.10458000
 0.56571000   0.10947000
 0.54244000   0.11409000
 0.51957000   0.11844000
 0.49713000   0.12250000
 0.47517000   0.12624000
 0.45371000   0.12963000
 0.43271000   0.13267000
 0.41219000   0.13537000
 0.39219000   0.13770000
 0.37271000   0.13967000
 0.35378000   0.14126000
 0.33540000   0.14247000
 0.31759000   0.14332000
 0.30036000   0.14379000
 0.28373000   0.14390000
 0.26769000   0.14364000
 0.25222000   0.14302000
 0.23730000   0.14206000
 0.22296000   0.14077000
 0.20920000   0.13918000
 0.19602000   0.13728000
 0.18338000   0.13509000
 0.17127000   0.13263000
 0.15969000   0.12992000
 0.14863000   0.12699000
 0.13811000   0.12386000
 0.12809000   0.12054000
 0.11858000   0.11708000
 0.10956000   0.11349000
 0.10104000   0.10979000
 0.09300000   0.10601000
 0.08543000   0.10216000
 0.07830000   0.09827000
 0.07161000   0.09435000
 0.06533000   0.09043000
 0.05946000   0.08650000
 0.05396000   0.08259000
 0.04884000   0.07869000
 0.04406000   0.07480000
 0.03960000   0.07095000
 0.03545000   0.06712000
 0.03158000   0.06334000
 0.02799000   0.05961000
 0.02466000   0.05592000
 0.02158000   0.05228000
 0.01874000   0.04868000
 0.01614000   0.04512000
 0.01374000   0.04160000
 0.01156000   0.03812000
 0.00958000   0.03469000
 0.00781000   0.03131000
 0.00623000   0.02796000
 0.00485000   0.02465000
 0.00365000   0.02136000
 0.00264000   0.01811000
 0.00180000   0.01491000
 0.00112000   0.01176000
 0.00060000   0.00868000
 0.00024000   0.00566000
 0.00004000   0.00269000
-0.00001000  -0.00025000
 0.00010000  -0.00319000
 0.00037000  -0.00615000
 0.00082000  -0.00916000
 0.00147000  -0.01223000
 0.00232000  -0.01534000
 0.00337000  -0.01850000
 0.00462000  -0.02169000
 0.00607000  -0.02491000
 0.00771000  -0.02816000
 0.00953000  -0.03144000
 0.01157000  -0.03476000
 0.01381000  -0.03812000
 0.01627000  -0.04152000
 0.01895000  -0.04496000
 0.02188000  -0.04846000
 0.02504000  -0.05201000
 0.02845000  -0.05562000
 0.03214000  -0.05930000
 0.03611000  -0.06303000
 0.04038000  -0.06683000
 0.04498000  -0.07070000
 0.04991000  -0.07464000
 0.05519000  -0.07864000
 0.06084000  -0.08270000
 0.06689000  -0.08679000
 0.07336000  -0.09091000
 0.08027000  -0.09505000
 0.08764000  -0.09918000
 0.09546000  -0.10330000
 0.10376000  -0.10737000
 0.11255000  -0.11137000
 0.12181000  -0.11527000
 0.13156000  -0.11904000
 0.14180000  -0.12265000
 0.15250000  -0.12609000
 0.16367000  -0.12932000
 0.17528000  -0.13230000
 0.18734000  -0.13503000
 0.19983000  -0.13746000
 0.21274000  -0.13961000
 0.22604000  -0.14143000
 0.23970000  -0.14292000
 0.25373000  -0.14405000
 0.26809000  -0.14483000
 0.28276000  -0.14524000
 0.29771000  -0.14526000
 0.31293000  -0.14488000
 0.32840000  -0.14411000
 0.34410000  -0.14292000
 0.36002000  -0.14133000
 0.37614000  -0.13931000
 0.39248000  -0.13685000
 0.40905000  -0.13396000
 0.42585000  -0.13062000
 0.44290000  -0.12683000
 0.46021000  -0.12258000
 0.47783000  -0.11785000
 0.49581000  -0.11262000
 0.51421000  -0.10688000
 0.53312000  -0.10062000
 0.55259000  -0.09383000
 0.57266000  -0.08654000
 0.59335000  -0.07878000
 0.61454000  -0.07068000
 0.63580000  -0.06250000
 0.65663000  -0.05456000
 0.67674000  -0.04707000
 0.69604000  -0.04013000
 0.71457000  -0.03378000
 0.73246000  -0.02801000
 0.74977000  -0.02280000
 0.76650000  -0.01814000
 0.78274000  -0.01404000
 0.79864000  -0.01049000
 0.81433000  -0.00743000
 0.82980000  -0.00482000
 0.84505000  -0.00265000
 0.86007000  -0.00092000
 0.87487000   0.00036000
 0.88947000   0.00119000
 0.90393000   0.00155000
 0.91829000   0.00146000
 0.93261000   0.00091000
 0.94693000  -0.00007000
 0.96121000  -0.00151000
 0.97555000  -0.00349000
 0.99014000  -0.00596000
 1.00000000  -0.00785000
