FFA-W3-360_FFA-W3-330blend_blend_t35.8
       170   NumCoords         ! Number of coordinates including the reference point.
! x-y coordinate of airfoil reference
0.25        0
! coordinates of airfoil shape
 3.00000000  -360.00000000
 1.00000000   0.01485000
 0.98669000   0.01878000
 0.96482000   0.02509000
 0.94060000   0.03191000
 0.91429000   0.03928000
 0.88625000   0.04723000
 0.85681000   0.05563000
 0.82652000   0.06429000
 0.79579000   0.07309000
 0.76500000   0.08187000
 0.73439000   0.09054000
 0.70413000   0.09903000
 0.67429000   0.10730000
 0.64495000   0.11530000
 0.61623000   0.12298000
 0.58819000   0.13031000
 0.56088000   0.13723000
 0.53435000   0.14372000
 0.50867000   0.14975000
 0.48386000   0.15528000
 0.45992000   0.16030000
 0.43684000   0.16481000
 0.41462000   0.16879000
 0.39325000   0.17225000
 0.37269000   0.17520000
 0.35292000   0.17766000
 0.33396000   0.17962000
 0.31578000   0.18111000
 0.29836000   0.18215000
 0.28169000   0.18275000
 0.26576000   0.18293000
 0.25056000   0.18272000
 0.23604000   0.18213000
 0.22218000   0.18119000
 0.20898000   0.17991000
 0.19639000   0.17831000
 0.18437000   0.17640000
 0.17290000   0.17420000
 0.16194000   0.17172000
 0.15147000   0.16898000
 0.14148000   0.16600000
 0.13192000   0.16279000
 0.12280000   0.15938000
 0.11410000   0.15579000
 0.10583000   0.15204000
 0.09796000   0.14812000
 0.09049000   0.14405000
 0.08340000   0.13984000
 0.07668000   0.13551000
 0.07032000   0.13107000
 0.06431000   0.12654000
 0.05864000   0.12191000
 0.05331000   0.11721000
 0.04830000   0.11244000
 0.04359000   0.10763000
 0.03919000   0.10278000
 0.03508000   0.09790000
 0.03125000   0.09302000
 0.02771000   0.08814000
 0.02444000   0.08328000
 0.02143000   0.07845000
 0.01867000   0.07363000
 0.01614000   0.06885000
 0.01383000   0.06412000
 0.01172000   0.05945000
 0.00980000   0.05487000
 0.00809000   0.05039000
 0.00662000   0.04601000
 0.00539000   0.04169000
 0.00439000   0.03742000
 0.00359000   0.03318000
 0.00292000   0.02898000
 0.00234000   0.02483000
 0.00181000   0.02076000
 0.00130000   0.01682000
 0.00080000   0.01302000
 0.00038000   0.00936000
 0.00011000   0.00579000
 0.00003000   0.00226000
 0.00011000  -0.00130000
 0.00034000  -0.00493000
 0.00069000  -0.00868000
 0.00114000  -0.01255000
 0.00164000  -0.01656000
 0.00220000  -0.02068000
 0.00285000  -0.02487000
 0.00362000  -0.02911000
 0.00455000  -0.03337000
 0.00570000  -0.03766000
 0.00709000  -0.04199000
 0.00873000  -0.04639000
 0.01060000  -0.05086000
 0.01267000  -0.05541000
 0.01494000  -0.06002000
 0.01743000  -0.06467000
 0.02014000  -0.06933000
 0.02311000  -0.07401000
 0.02636000  -0.07868000
 0.02988000  -0.08336000
 0.03371000  -0.08803000
 0.03784000  -0.09269000
 0.04229000  -0.09733000
 0.04706000  -0.10197000
 0.05214000  -0.10657000
 0.05757000  -0.11113000
 0.06335000  -0.11564000
 0.06950000  -0.12008000
 0.07604000  -0.12444000
 0.08299000  -0.12872000
 0.09036000  -0.13292000
 0.09816000  -0.13701000
 0.10643000  -0.14101000
 0.11516000  -0.14488000
 0.12437000  -0.14863000
 0.13405000  -0.15223000
 0.14421000  -0.15565000
 0.15487000  -0.15888000
 0.16602000  -0.16189000
 0.17768000  -0.16467000
 0.18981000  -0.16719000
 0.20240000  -0.16944000
 0.21542000  -0.17137000
 0.22886000  -0.17298000
 0.24270000  -0.17423000
 0.25692000  -0.17510000
 0.27150000  -0.17558000
 0.28644000  -0.17565000
 0.30171000  -0.17530000
 0.31731000  -0.17451000
 0.33322000  -0.17328000
 0.34943000  -0.17158000
 0.36591000  -0.16942000
 0.38268000  -0.16678000
 0.39972000  -0.16364000
 0.41703000  -0.15999000
 0.43466000  -0.15579000
 0.45274000  -0.15099000
 0.47138000  -0.14558000
 0.49063000  -0.13955000
 0.51049000  -0.13288000
 0.53101000  -0.12557000
 0.55226000  -0.11758000
 0.57433000  -0.10889000
 0.59725000  -0.09952000
 0.62095000  -0.08956000
 0.64517000  -0.07921000
 0.66901000  -0.06903000
 0.69159000  -0.05954000
 0.71274000  -0.05092000
 0.73259000  -0.04319000
 0.75133000  -0.03632000
 0.76916000  -0.03023000
 0.78625000  -0.02484000
 0.80271000  -0.02011000
 0.81858000  -0.01597000
 0.83389000  -0.01243000
 0.84871000  -0.00945000
 0.86311000  -0.00704000
 0.87719000  -0.00516000
 0.89104000  -0.00380000
 0.90472000  -0.00295000
 0.91829000  -0.00260000
 0.93185000  -0.00275000
 0.94543000  -0.00342000
 0.95906000  -0.00469000
 0.97303000  -0.00689000
 0.98828000  -0.01038000
 1.00000000  -0.01377000
