FFA-W3-270blend_FFA-W3-241_blend_t25.3
       170   NumCoords         ! Number of coordinates including the reference point.
! x-y coordinate of airfoil reference
0.25        0
! coordinates of airfoil shape
 3.00000000  -270.00000000
 1.00000000   0.00503000
 0.99108000   0.00690000
 0.97648000   0.00996000
 0.96040000   0.01332000
 0.94291000   0.01697000
 0.92418000   0.02092000
 0.90438000   0.02515000
 0.88373000   0.02962000
 0.86242000   0.03428000
 0.84064000   0.03910000
 0.81854000   0.04402000
 0.79629000   0.04900000
 0.77401000   0.05402000
 0.75172000   0.05903000
 0.72937000   0.06406000
 0.70699000   0.06905000
 0.68469000   0.07398000
 0.66252000   0.07882000
 0.64051000   0.08354000
 0.61868000   0.08812000
 0.59704000   0.09255000
 0.57560000   0.09679000
 0.55434000   0.10085000
 0.53331000   0.10470000
 0.51250000   0.10834000
 0.49195000   0.11174000
 0.47168000   0.11489000
 0.45169000   0.11777000
 0.43199000   0.12037000
 0.41260000   0.12267000
 0.39355000   0.12466000
 0.37484000   0.12634000
 0.35649000   0.12769000
 0.33852000   0.12869000
 0.32094000   0.12935000
 0.30376000   0.12965000
 0.28698000   0.12959000
 0.27062000   0.12916000
 0.25468000   0.12838000
 0.23919000   0.12724000
 0.22415000   0.12577000
 0.20961000   0.12399000
 0.19558000   0.12188000
 0.18208000   0.11949000
 0.16915000   0.11682000
 0.15679000   0.11393000
 0.14503000   0.11082000
 0.13388000   0.10754000
 0.12334000   0.10412000
 0.11342000   0.10059000
 0.10411000   0.09699000
 0.09540000   0.09333000
 0.08727000   0.08965000
 0.07969000   0.08596000
 0.07264000   0.08229000
 0.06609000   0.07864000
 0.06000000   0.07503000
 0.05435000   0.07146000
 0.04911000   0.06793000
 0.04425000   0.06445000
 0.03975000   0.06102000
 0.03558000   0.05762000
 0.03170000   0.05430000
 0.02808000   0.05105000
 0.02474000   0.04786000
 0.02165000   0.04471000
 0.01882000   0.04160000
 0.01622000   0.03852000
 0.01384000   0.03548000
 0.01166000   0.03247000
 0.00966000   0.02951000
 0.00786000   0.02658000
 0.00626000   0.02369000
 0.00486000   0.02081000
 0.00366000   0.01796000
 0.00264000   0.01513000
 0.00180000   0.01234000
 0.00112000   0.00958000
 0.00060000   0.00688000
 0.00024000   0.00424000
 0.00004000   0.00166000
 0.00000000  -0.00088000
 0.00015000  -0.00344000
 0.00050000  -0.00603000
 0.00108000  -0.00865000
 0.00192000  -0.01130000
 0.00301000  -0.01396000
 0.00431000  -0.01662000
 0.00580000  -0.01928000
 0.00748000  -0.02195000
 0.00935000  -0.02464000
 0.01142000  -0.02735000
 0.01368000  -0.03007000
 0.01616000  -0.03281000
 0.01886000  -0.03558000
 0.02176000  -0.03840000
 0.02489000  -0.04127000
 0.02826000  -0.04419000
 0.03189000  -0.04716000
 0.03580000  -0.05020000
 0.04002000  -0.05331000
 0.04455000  -0.05650000
 0.04943000  -0.05977000
 0.05469000  -0.06313000
 0.06035000  -0.06659000
 0.06644000  -0.07012000
 0.07301000  -0.07373000
 0.08009000  -0.07740000
 0.08770000  -0.08111000
 0.09588000  -0.08486000
 0.10465000  -0.08862000
 0.11403000  -0.09237000
 0.12401000  -0.09606000
 0.13461000  -0.09966000
 0.14580000  -0.10314000
 0.15759000  -0.10645000
 0.16992000  -0.10956000
 0.18277000  -0.11244000
 0.19612000  -0.11504000
 0.20991000  -0.11734000
 0.22411000  -0.11931000
 0.23868000  -0.12094000
 0.25359000  -0.12222000
 0.26879000  -0.12314000
 0.28425000  -0.12368000
 0.29992000  -0.12382000
 0.31579000  -0.12358000
 0.33183000  -0.12293000
 0.34803000  -0.12187000
 0.36438000  -0.12042000
 0.38085000  -0.11854000
 0.39747000  -0.11625000
 0.41422000  -0.11355000
 0.43113000  -0.11043000
 0.44821000  -0.10688000
 0.46547000  -0.10291000
 0.48297000  -0.09849000
 0.50075000  -0.09363000
 0.51885000  -0.08834000
 0.53732000  -0.08263000
 0.55618000  -0.07652000
 0.57542000  -0.07007000
 0.59498000  -0.06334000
 0.61470000  -0.05647000
 0.63436000  -0.04963000
 0.65370000  -0.04299000
 0.67260000  -0.03667000
 0.69102000  -0.03077000
 0.70898000  -0.02531000
 0.72652000  -0.02031000
 0.74367000  -0.01578000
 0.76048000  -0.01171000
 0.77699000  -0.00813000
 0.79329000  -0.00505000
 0.80945000  -0.00245000
 0.82549000  -0.00028000
 0.84142000   0.00146000
 0.85721000   0.00280000
 0.87284000   0.00373000
 0.88829000   0.00424000
 0.90358000   0.00430000
 0.91870000   0.00392000
 0.93368000   0.00311000
 0.94847000   0.00192000
 0.96304000   0.00038000
 0.97731000  -0.00144000
 0.99113000  -0.00339000
 1.00000000  -0.00469000
