FFA-W3-301_FFA-W3-270blend_blend_t29.4
       170   NumCoords         ! Number of coordinates including the reference point.
! x-y coordinate of airfoil reference
0.25        0
! coordinates of airfoil shape
 3.00000000  -301.00000000
 1.00000000   0.00871000
 0.98968000   0.01114000
 0.97261000   0.01510000
 0.95360000   0.01948000
 0.93287000   0.02429000
 0.91067000   0.02954000
 0.88712000   0.03521000
 0.86254000   0.04119000
 0.83714000   0.04743000
 0.81115000   0.05385000
 0.78488000   0.06033000
 0.75858000   0.06679000
 0.73247000   0.07317000
 0.70664000   0.07940000
 0.68109000   0.08545000
 0.65584000   0.09131000
 0.63090000   0.09696000
 0.60628000   0.10239000
 0.58200000   0.10758000
 0.55810000   0.11250000
 0.53458000   0.11716000
 0.51150000   0.12152000
 0.48892000   0.12557000
 0.46688000   0.12927000
 0.44536000   0.13261000
 0.42434000   0.13559000
 0.40386000   0.13820000
 0.38392000   0.14044000
 0.36457000   0.14229000
 0.34579000   0.14376000
 0.32760000   0.14486000
 0.31001000   0.14558000
 0.29305000   0.14593000
 0.27671000   0.14590000
 0.26097000   0.14552000
 0.24582000   0.14478000
 0.23124000   0.14371000
 0.21725000   0.14232000
 0.20385000   0.14063000
 0.19101000   0.13864000
 0.17872000   0.13637000
 0.16694000   0.13384000
 0.15569000   0.13107000
 0.14495000   0.12808000
 0.13471000   0.12490000
 0.12498000   0.12155000
 0.11573000   0.11805000
 0.10696000   0.11443000
 0.09867000   0.11070000
 0.09083000   0.10689000
 0.08345000   0.10302000
 0.07649000   0.09910000
 0.06995000   0.09516000
 0.06381000   0.09120000
 0.05806000   0.08724000
 0.05267000   0.08328000
 0.04764000   0.07934000
 0.04295000   0.07542000
 0.03857000   0.07152000
 0.03449000   0.06766000
 0.03069000   0.06383000
 0.02716000   0.06004000
 0.02389000   0.05629000
 0.02087000   0.05259000
 0.01809000   0.04892000
 0.01553000   0.04529000
 0.01319000   0.04170000
 0.01106000   0.03816000
 0.00913000   0.03465000
 0.00740000   0.03119000
 0.00587000   0.02777000
 0.00453000   0.02439000
 0.00338000   0.02103000
 0.00241000   0.01772000
 0.00161000   0.01444000
 0.00097000   0.01123000
 0.00050000   0.00809000
 0.00018000   0.00500000
 0.00001000   0.00197000
 0.00000000  -0.00104000
 0.00015000  -0.00406000
 0.00046000  -0.00711000
 0.00095000  -0.01021000
 0.00163000  -0.01338000
 0.00251000  -0.01659000
 0.00359000  -0.01984000
 0.00487000  -0.02313000
 0.00634000  -0.02644000
 0.00800000  -0.02978000
 0.00985000  -0.03316000
 0.01192000  -0.03658000
 0.01420000  -0.04004000
 0.01670000  -0.04354000
 0.01943000  -0.04709000
 0.02240000  -0.05069000
 0.02561000  -0.05434000
 0.02907000  -0.05804000
 0.03281000  -0.06181000
 0.03683000  -0.06563000
 0.04116000  -0.06952000
 0.04581000  -0.07347000
 0.05079000  -0.07748000
 0.05612000  -0.08154000
 0.06182000  -0.08564000
 0.06792000  -0.08978000
 0.07443000  -0.09393000
 0.08137000  -0.09810000
 0.08876000  -0.10225000
 0.09659000  -0.10637000
 0.10488000  -0.11043000
 0.11364000  -0.11442000
 0.12287000  -0.11829000
 0.13257000  -0.12204000
 0.14274000  -0.12562000
 0.15337000  -0.12902000
 0.16445000  -0.13221000
 0.17597000  -0.13515000
 0.18792000  -0.13784000
 0.20031000  -0.14024000
 0.21310000  -0.14235000
 0.22629000  -0.14414000
 0.23984000  -0.14560000
 0.25376000  -0.14671000
 0.26802000  -0.14746000
 0.28259000  -0.14785000
 0.29745000  -0.14785000
 0.31259000  -0.14746000
 0.32799000  -0.14666000
 0.34363000  -0.14546000
 0.35950000  -0.14385000
 0.37558000  -0.14180000
 0.39190000  -0.13933000
 0.40845000  -0.13641000
 0.42525000  -0.13304000
 0.44232000  -0.12922000
 0.45966000  -0.12493000
 0.47732000  -0.12015000
 0.49537000  -0.11486000
 0.51387000  -0.10906000
 0.53289000  -0.10271000
 0.55251000  -0.09582000
 0.57276000  -0.08840000
 0.59367000  -0.08048000
 0.61511000  -0.07221000
 0.63662000  -0.06386000
 0.65771000  -0.05574000
 0.67803000  -0.04809000
 0.69747000  -0.04103000
 0.71610000  -0.03459000
 0.73404000  -0.02874000
 0.75138000  -0.02346000
 0.76811000  -0.01876000
 0.78432000  -0.01463000
 0.80019000  -0.01104000
 0.81581000  -0.00794000
 0.83119000  -0.00529000
 0.84632000  -0.00310000
 0.86120000  -0.00135000
 0.87586000  -0.00005000
 0.89031000   0.00080000
 0.90461000   0.00119000
 0.91882000   0.00112000
 0.93299000   0.00060000
 0.94716000  -0.00037000
 0.96130000  -0.00179000
 0.97553000  -0.00378000
 0.99009000  -0.00631000
 1.00000000  -0.00827000
