FFA-W3-330blend_FFA-W3-301_blend_t30.3
       170   NumCoords         ! Number of coordinates including the reference point.
! x-y coordinate of airfoil reference
0.25        0
! coordinates of airfoil shape
 3.00000000  -330.00000000
 1.00000000   0.00955000
 0.98942000   0.01209000
 0.97188000   0.01626000
 0.95229000   0.02087000
 0.93085000   0.02596000
 0.90782000   0.03153000
 0.88338000   0.03756000
 0.85781000   0.04393000
 0.83141000   0.05057000
 0.80446000   0.05736000
 0.77728000   0.06420000
 0.75017000   0.07098000
 0.72330000   0.07764000
 0.69675000   0.08412000
 0.67053000   0.09040000
 0.64465000   0.09646000
 0.61912000   0.10227000
 0.59394000   0.10784000
 0.56918000   0.11315000
 0.54484000   0.11816000
 0.52099000   0.12287000
 0.49768000   0.12724000
 0.47496000   0.13126000
 0.45283000   0.13491000
 0.43129000   0.13816000
 0.41033000   0.14103000
 0.38999000   0.14351000
 0.37027000   0.14559000
 0.35118000   0.14727000
 0.33274000   0.14856000
 0.31494000   0.14946000
 0.29781000   0.14999000
 0.28134000   0.15015000
 0.26551000   0.14993000
 0.25031000   0.14936000
 0.23572000   0.14845000
 0.22173000   0.14722000
 0.20833000   0.14569000
 0.19551000   0.14385000
 0.18323000   0.14173000
 0.17148000   0.13934000
 0.16024000   0.13671000
 0.14950000   0.13385000
 0.13925000   0.13078000
 0.12948000   0.12754000
 0.12018000   0.12413000
 0.11135000   0.12058000
 0.10296000   0.11690000
 0.09502000   0.11312000
 0.08750000   0.10926000
 0.08041000   0.10533000
 0.07371000   0.10135000
 0.06741000   0.09734000
 0.06148000   0.09331000
 0.05591000   0.08927000
 0.05070000   0.08523000
 0.04581000   0.08119000
 0.04124000   0.07718000
 0.03698000   0.07318000
 0.03301000   0.06921000
 0.02931000   0.06526000
 0.02587000   0.06136000
 0.02269000   0.05748000
 0.01976000   0.05364000
 0.01706000   0.04983000
 0.01459000   0.04605000
 0.01233000   0.04232000
 0.01028000   0.03862000
 0.00844000   0.03497000
 0.00679000   0.03135000
 0.00534000   0.02777000
 0.00407000   0.02423000
 0.00300000   0.02074000
 0.00210000   0.01729000
 0.00136000   0.01389000
 0.00078000   0.01054000
 0.00036000   0.00725000
 0.00010000   0.00404000
-0.00001000   0.00089000
 0.00003000  -0.00225000
 0.00023000  -0.00542000
 0.00060000  -0.00867000
 0.00114000  -0.01197000
 0.00187000  -0.01533000
 0.00278000  -0.01871000
 0.00388000  -0.02214000
 0.00517000  -0.02560000
 0.00666000  -0.02910000
 0.00836000  -0.03263000
 0.01026000  -0.03621000
 0.01237000  -0.03981000
 0.01470000  -0.04346000
 0.01725000  -0.04714000
 0.02003000  -0.05088000
 0.02305000  -0.05465000
 0.02631000  -0.05848000
 0.02984000  -0.06236000
 0.03363000  -0.06629000
 0.03771000  -0.07027000
 0.04210000  -0.07429000
 0.04679000  -0.07837000
 0.05182000  -0.08249000
 0.05720000  -0.08664000
 0.06295000  -0.09082000
 0.06907000  -0.09501000
 0.07560000  -0.09922000
 0.08253000  -0.10341000
 0.08989000  -0.10757000
 0.09767000  -0.11169000
 0.10590000  -0.11574000
 0.11458000  -0.11969000
 0.12370000  -0.12353000
 0.13328000  -0.12723000
 0.14331000  -0.13076000
 0.15378000  -0.13411000
 0.16470000  -0.13725000
 0.17604000  -0.14014000
 0.18782000  -0.14278000
 0.20001000  -0.14514000
 0.21262000  -0.14721000
 0.22561000  -0.14897000
 0.23899000  -0.15041000
 0.25272000  -0.15150000
 0.26680000  -0.15223000
 0.28121000  -0.15260000
 0.29592000  -0.15259000
 0.31093000  -0.15219000
 0.32621000  -0.15139000
 0.34176000  -0.15018000
 0.35755000  -0.14855000
 0.37358000  -0.14649000
 0.38986000  -0.14400000
 0.40640000  -0.14106000
 0.42321000  -0.13766000
 0.44030000  -0.13379000
 0.45771000  -0.12945000
 0.47547000  -0.12459000
 0.49365000  -0.11921000
 0.51232000  -0.11329000
 0.53155000  -0.10680000
 0.55143000  -0.09974000
 0.57201000  -0.09209000
 0.59332000  -0.08391000
 0.61521000  -0.07533000
 0.63727000  -0.06661000
 0.65885000  -0.05815000
 0.67958000  -0.05020000
 0.69936000  -0.04287000
 0.71823000  -0.03621000
 0.73632000  -0.03020000
 0.75372000  -0.02479000
 0.77047000  -0.01997000
 0.78671000  -0.01573000
 0.80255000  -0.01205000
 0.81806000  -0.00887000
 0.83328000  -0.00617000
 0.84821000  -0.00391000
 0.86287000  -0.00211000
 0.87729000  -0.00077000
 0.89151000   0.00012000
 0.90558000   0.00055000
 0.91956000   0.00052000
 0.93348000   0.00005000
 0.94739000  -0.00087000
 0.96133000  -0.00228000
 0.97544000  -0.00430000
 0.98997000  -0.00695000
 1.00000000  -0.00907000
