FFA-W3-241_FFA-W3-211_blend_t21.6
       122   NumCoords         ! Number of coordinates including the reference point.
! x-y coordinate of airfoil reference
0.25        0
! coordinates of airfoil shape
 3.00000000  -241.00000000
 1.00000000   0.00175000
 0.98958000   0.00359000
 0.97157000   0.00671000
 0.95093000   0.01037000
 0.92812000   0.01457000
 0.90383000   0.01920000
 0.87865000   0.02411000
 0.85299000   0.02926000
 0.82701000   0.03457000
 0.80096000   0.04000000
 0.77479000   0.04558000
 0.74845000   0.05128000
 0.72198000   0.05706000
 0.69547000   0.06285000
 0.66909000   0.06859000
 0.64291000   0.07422000
 0.61700000   0.07969000
 0.59140000   0.08493000
 0.56600000   0.08991000
 0.54072000   0.09463000
 0.51563000   0.09909000
 0.49082000   0.10322000
 0.46626000   0.10698000
 0.44200000   0.11035000
 0.41807000   0.11328000
 0.39449000   0.11573000
 0.37129000   0.11766000
 0.34850000   0.11904000
 0.32620000   0.11983000
 0.30430000   0.11995000
 0.28272000   0.11941000
 0.26146000   0.11819000
 0.24050000   0.11628000
 0.21983000   0.11368000
 0.19949000   0.11041000
 0.17961000   0.10650000
 0.16031000   0.10198000
 0.14175000   0.09691000
 0.12414000   0.09138000
 0.10769000   0.08551000
 0.09260000   0.07945000
 0.07903000   0.07338000
 0.06705000   0.06741000
 0.05659000   0.06167000
 0.04756000   0.05622000
 0.03977000   0.05106000
 0.03307000   0.04621000
 0.02731000   0.04165000
 0.02234000   0.03734000
 0.01805000   0.03325000
 0.01435000   0.02935000
 0.01117000   0.02564000
 0.00846000   0.02207000
 0.00617000   0.01861000
 0.00426000   0.01523000
 0.00271000   0.01193000
 0.00151000   0.00876000
 0.00064000   0.00573000
 0.00014000   0.00279000
 0.00003000  -0.00011000
 0.00030000  -0.00304000
 0.00100000  -0.00601000
 0.00217000  -0.00898000
 0.00386000  -0.01191000
 0.00604000  -0.01481000
 0.00863000  -0.01770000
 0.01165000  -0.02061000
 0.01512000  -0.02357000
 0.01910000  -0.02663000
 0.02365000  -0.02982000
 0.02885000  -0.03317000
 0.03483000  -0.03671000
 0.04175000  -0.04049000
 0.04979000  -0.04453000
 0.05916000  -0.04887000
 0.07009000  -0.05352000
 0.08272000  -0.05844000
 0.09714000  -0.06353000
 0.11330000  -0.06867000
 0.13096000  -0.07367000
 0.14985000  -0.07837000
 0.16967000  -0.08265000
 0.19012000  -0.08639000
 0.21107000  -0.08955000
 0.23238000  -0.09211000
 0.25395000  -0.09405000
 0.27568000  -0.09537000
 0.29747000  -0.09605000
 0.31930000  -0.09609000
 0.34115000  -0.09547000
 0.36302000  -0.09420000
 0.38494000  -0.09227000
 0.40690000  -0.08970000
 0.42893000  -0.08648000
 0.45107000  -0.08260000
 0.47341000  -0.07806000
 0.49620000  -0.07283000
 0.51962000  -0.06696000
 0.54369000  -0.06055000
 0.56835000  -0.05374000
 0.59337000  -0.04668000
 0.61840000  -0.03962000
 0.64308000  -0.03280000
 0.66724000  -0.02638000
 0.69091000  -0.02047000
 0.71421000  -0.01509000
 0.73723000  -0.01026000
 0.75998000  -0.00601000
 0.78244000  -0.00236000
 0.80466000   0.00064000
 0.82673000   0.00301000
 0.84865000   0.00473000
 0.87037000   0.00582000
 0.89178000   0.00626000
 0.91279000   0.00603000
 0.93334000   0.00513000
 0.95324000   0.00363000
 0.97218000   0.00169000
 0.98959000  -0.00039000
 1.00000000  -0.00170000
