FFA-W3-330blend_FFA-W3-301_blend_t31.7
       170   NumCoords         ! Number of coordinates including the reference point.
! x-y coordinate of airfoil reference
0.25        0
! coordinates of airfoil shape
 3.00000000  -330.00000000
 1.00000000   0.01097000
 0.98867000   0.01380000
 0.96994000   0.01842000
 0.94917000   0.02349000
 0.92661000   0.02903000
 0.90263000   0.03504000
 0.87750000   0.04143000
 0.85165000   0.04807000
 0.82535000   0.05487000
 0.79864000   0.06179000
 0.77166000   0.06875000
 0.74456000   0.07572000
 0.71754000   0.08260000
 0.69071000   0.08933000
 0.66418000   0.09587000
 0.63792000   0.10219000
 0.61194000   0.10831000
 0.58631000   0.11417000
 0.56111000   0.11976000
 0.53637000   0.12503000
 0.51218000   0.12998000
 0.48859000   0.13457000
 0.46566000   0.13878000
 0.44339000   0.14257000
 0.42176000   0.14595000
 0.40078000   0.14891000
 0.38048000   0.15146000
 0.36084000   0.15358000
 0.34189000   0.15528000
 0.32361000   0.15657000
 0.30602000   0.15746000
 0.28913000   0.15796000
 0.27293000   0.15807000
 0.25739000   0.15781000
 0.24251000   0.15719000
 0.22825000   0.15622000
 0.21462000   0.15494000
 0.20158000   0.15335000
 0.18911000   0.15144000
 0.17719000   0.14925000
 0.16578000   0.14680000
 0.15489000   0.14410000
 0.14448000   0.14116000
 0.13455000   0.13802000
 0.12508000   0.13470000
 0.11607000   0.13120000
 0.10751000   0.12755000
 0.09938000   0.12376000
 0.09167000   0.11986000
 0.08438000   0.11586000
 0.07748000   0.11177000
 0.07097000   0.10762000
 0.06483000   0.10341000
 0.05906000   0.09917000
 0.05363000   0.09490000
 0.04855000   0.09061000
 0.04378000   0.08632000
 0.03933000   0.08204000
 0.03518000   0.07777000
 0.03132000   0.07352000
 0.02773000   0.06930000
 0.02441000   0.06510000
 0.02134000   0.06095000
 0.01851000   0.05683000
 0.01592000   0.05276000
 0.01355000   0.04874000
 0.01140000   0.04477000
 0.00947000   0.04084000
 0.00776000   0.03695000
 0.00626000   0.03310000
 0.00496000   0.02930000
 0.00384000   0.02556000
 0.00288000   0.02188000
 0.00206000   0.01826000
 0.00136000   0.01471000
 0.00080000   0.01123000
 0.00038000   0.00783000
 0.00012000   0.00452000
-0.00000000   0.00129000
 0.00004000  -0.00192000
 0.00023000  -0.00518000
 0.00058000  -0.00852000
 0.00110000  -0.01195000
 0.00177000  -0.01543000
 0.00257000  -0.01897000
 0.00353000  -0.02258000
 0.00468000  -0.02623000
 0.00601000  -0.02993000
 0.00755000  -0.03368000
 0.00929000  -0.03747000
 0.01125000  -0.04130000
 0.01343000  -0.04518000
 0.01584000  -0.04910000
 0.01847000  -0.05307000
 0.02133000  -0.05709000
 0.02444000  -0.06116000
 0.02779000  -0.06528000
 0.03142000  -0.06944000
 0.03533000  -0.07363000
 0.03954000  -0.07785000
 0.04406000  -0.08210000
 0.04890000  -0.08638000
 0.05409000  -0.09067000
 0.05963000  -0.09497000
 0.06553000  -0.09927000
 0.07182000  -0.10356000
 0.07851000  -0.10782000
 0.08560000  -0.11203000
 0.09312000  -0.11619000
 0.10108000  -0.12026000
 0.10949000  -0.12424000
 0.11835000  -0.12811000
 0.12768000  -0.13185000
 0.13747000  -0.13543000
 0.14772000  -0.13883000
 0.15843000  -0.14204000
 0.16960000  -0.14502000
 0.18122000  -0.14774000
 0.19329000  -0.15021000
 0.20579000  -0.15240000
 0.21870000  -0.15428000
 0.23201000  -0.15583000
 0.24570000  -0.15704000
 0.25976000  -0.15790000
 0.27415000  -0.15838000
 0.28888000  -0.15848000
 0.30391000  -0.15818000
 0.31923000  -0.15747000
 0.33484000  -0.15634000
 0.35070000  -0.15478000
 0.36683000  -0.15279000
 0.38320000  -0.15035000
 0.39983000  -0.14745000
 0.41673000  -0.14409000
 0.43392000  -0.14024000
 0.45143000  -0.13589000
 0.46931000  -0.13101000
 0.48764000  -0.12559000
 0.50646000  -0.11961000
 0.52585000  -0.11306000
 0.54588000  -0.10590000
 0.56662000  -0.09814000
 0.58812000  -0.08980000
 0.61030000  -0.08096000
 0.63284000  -0.07189000
 0.65507000  -0.06296000
 0.67646000  -0.05451000
 0.69683000  -0.04670000
 0.71619000  -0.03960000
 0.73468000  -0.03319000
 0.75239000  -0.02743000
 0.76941000  -0.02230000
 0.78586000  -0.01779000
 0.80186000  -0.01386000
 0.81749000  -0.01045000
 0.83276000  -0.00754000
 0.84771000  -0.00510000
 0.86235000  -0.00315000
 0.87674000  -0.00168000
 0.89092000  -0.00068000
 0.90495000  -0.00015000
 0.91888000  -0.00010000
 0.93276000  -0.00050000
 0.94664000  -0.00137000
 0.96055000  -0.00275000
 0.97469000  -0.00485000
 0.98947000  -0.00782000
 1.00000000  -0.01032000
