FFA-W3-360_FFA-W3-330blend_blend_t34.1
       170   NumCoords         ! Number of coordinates including the reference point.
! x-y coordinate of airfoil reference
0.25        0
! coordinates of airfoil shape
 3.00000000  -360.00000000
 1.00000000   0.01333000
 0.98755000   0.01672000
 0.96691000   0.02226000
 0.94390000   0.02832000
 0.91881000   0.03494000
 0.89208000   0.04211000
 0.86393000   0.04974000
 0.83484000   0.05767000
 0.80515000   0.06580000
 0.77519000   0.07397000
 0.74528000   0.08210000
 0.71568000   0.09007000
 0.68646000   0.09783000
 0.65765000   0.10537000
 0.62934000   0.11263000
 0.60159000   0.11958000
 0.57443000   0.12620000
 0.54792000   0.13245000
 0.52212000   0.13830000
 0.49708000   0.14373000
 0.47287000   0.14870000
 0.44950000   0.15320000
 0.42698000   0.15721000
 0.40525000   0.16073000
 0.38430000   0.16377000
 0.36415000   0.16633000
 0.34478000   0.16843000
 0.32619000   0.17006000
 0.30835000   0.17125000
 0.29127000   0.17202000
 0.27494000   0.17239000
 0.25934000   0.17235000
 0.24445000   0.17194000
 0.23022000   0.17117000
 0.21666000   0.17008000
 0.20372000   0.16865000
 0.19138000   0.16692000
 0.17960000   0.16490000
 0.16834000   0.16260000
 0.15759000   0.16004000
 0.14732000   0.15724000
 0.13751000   0.15421000
 0.12814000   0.15098000
 0.11920000   0.14757000
 0.11069000   0.14399000
 0.10261000   0.14025000
 0.09492000   0.13636000
 0.08762000   0.13234000
 0.08069000   0.12820000
 0.07413000   0.12396000
 0.06793000   0.11963000
 0.06208000   0.11522000
 0.05656000   0.11074000
 0.05137000   0.10621000
 0.04648000   0.10163000
 0.04190000   0.09703000
 0.03762000   0.09241000
 0.03363000   0.08779000
 0.02991000   0.08317000
 0.02647000   0.07856000
 0.02329000   0.07398000
 0.02036000   0.06942000
 0.01766000   0.06489000
 0.01517000   0.06040000
 0.01290000   0.05597000
 0.01084000   0.05162000
 0.00901000   0.04734000
 0.00740000   0.04314000
 0.00603000   0.03898000
 0.00488000   0.03484000
 0.00390000   0.03073000
 0.00308000   0.02666000
 0.00236000   0.02263000
 0.00173000   0.01869000
 0.00116000   0.01487000
 0.00067000   0.01119000
 0.00029000   0.00764000
 0.00007000   0.00417000
 0.00003000   0.00073000
 0.00014000  -0.00273000
 0.00040000  -0.00625000
 0.00079000  -0.00986000
 0.00130000  -0.01359000
 0.00192000  -0.01742000
 0.00263000  -0.02135000
 0.00346000  -0.02535000
 0.00444000  -0.02939000
 0.00559000  -0.03346000
 0.00694000  -0.03755000
 0.00853000  -0.04168000
 0.01034000  -0.04586000
 0.01239000  -0.05010000
 0.01465000  -0.05441000
 0.01712000  -0.05878000
 0.01981000  -0.06318000
 0.02273000  -0.06761000
 0.02591000  -0.07206000
 0.02935000  -0.07651000
 0.03308000  -0.08098000
 0.03710000  -0.08545000
 0.04142000  -0.08992000
 0.04606000  -0.09438000
 0.05102000  -0.09884000
 0.05631000  -0.10327000
 0.06194000  -0.10768000
 0.06792000  -0.11204000
 0.07429000  -0.11634000
 0.08104000  -0.12058000
 0.08821000  -0.12473000
 0.09579000  -0.12880000
 0.10382000  -0.13278000
 0.11229000  -0.13664000
 0.12123000  -0.14038000
 0.13064000  -0.14399000
 0.14052000  -0.14744000
 0.15086000  -0.15070000
 0.16168000  -0.15375000
 0.17299000  -0.15658000
 0.18478000  -0.15917000
 0.19703000  -0.16150000
 0.20971000  -0.16354000
 0.22281000  -0.16526000
 0.23631000  -0.16665000
 0.25020000  -0.16769000
 0.26445000  -0.16835000
 0.27906000  -0.16863000
 0.29401000  -0.16850000
 0.30928000  -0.16795000
 0.32487000  -0.16698000
 0.34075000  -0.16557000
 0.35691000  -0.16371000
 0.37334000  -0.16140000
 0.39005000  -0.15861000
 0.40703000  -0.15534000
 0.42430000  -0.15155000
 0.44192000  -0.14724000
 0.45997000  -0.14235000
 0.47854000  -0.13688000
 0.49769000  -0.13080000
 0.51745000  -0.12411000
 0.53788000  -0.11678000
 0.55907000  -0.10878000
 0.58112000  -0.10010000
 0.60405000  -0.09077000
 0.62767000  -0.08098000
 0.65139000  -0.07109000
 0.67429000  -0.06162000
 0.69588000  -0.05290000
 0.71617000  -0.04501000
 0.73534000  -0.03794000
 0.75353000  -0.03164000
 0.77089000  -0.02606000
 0.78758000  -0.02115000
 0.80373000  -0.01685000
 0.81940000  -0.01310000
 0.83461000  -0.00990000
 0.84938000  -0.00722000
 0.86379000  -0.00507000
 0.87790000  -0.00342000
 0.89180000  -0.00228000
 0.90554000  -0.00161000
 0.91918000  -0.00143000
 0.93278000  -0.00172000
 0.94641000  -0.00250000
 0.96003000  -0.00384000
 0.97393000  -0.00602000
 0.98886000  -0.00933000
 1.00000000  -0.01241000
