FFA-W3-330blend_FFA-W3-301_blend_t32.4
       170   NumCoords         ! Number of coordinates including the reference point.
! x-y coordinate of airfoil reference
0.25        0
! coordinates of airfoil shape
 3.00000000  -330.00000000
 1.00000000   0.01177000
 0.98818000   0.01478000
 0.96872000   0.01969000
 0.94722000   0.02504000
 0.92401000   0.03084000
 0.89951000   0.03709000
 0.87409000   0.04367000
 0.84824000   0.05042000
 0.82210000   0.05728000
 0.79562000   0.06424000
 0.76887000   0.07126000
 0.74196000   0.07827000
 0.71508000   0.08522000
 0.68834000   0.09203000
 0.66194000   0.09865000
 0.63577000   0.10507000
 0.60976000   0.11131000
 0.58405000   0.11732000
 0.55880000   0.12303000
 0.53408000   0.12843000
 0.50993000   0.13349000
 0.48629000   0.13821000
 0.46326000   0.14255000
 0.44088000   0.14647000
 0.41915000   0.14996000
 0.39809000   0.15303000
 0.37772000   0.15566000
 0.35804000   0.15786000
 0.33905000   0.15962000
 0.32077000   0.16097000
 0.30319000   0.16189000
 0.28634000   0.16243000
 0.27018000   0.16256000
 0.25471000   0.16231000
 0.23990000   0.16171000
 0.22573000   0.16075000
 0.21219000   0.15947000
 0.19926000   0.15787000
 0.18690000   0.15597000
 0.17509000   0.15377000
 0.16379000   0.15131000
 0.15301000   0.14858000
 0.14271000   0.14563000
 0.13288000   0.14246000
 0.12351000   0.13911000
 0.11459000   0.13558000
 0.10612000   0.13188000
 0.09807000   0.12804000
 0.09044000   0.12408000
 0.08321000   0.12001000
 0.07637000   0.11585000
 0.06992000   0.11160000
 0.06383000   0.10729000
 0.05811000   0.10293000
 0.05272000   0.09853000
 0.04767000   0.09412000
 0.04295000   0.08968000
 0.03853000   0.08525000
 0.03442000   0.08082000
 0.03060000   0.07641000
 0.02706000   0.07202000
 0.02378000   0.06766000
 0.02075000   0.06334000
 0.01797000   0.05906000
 0.01542000   0.05483000
 0.01309000   0.05066000
 0.01098000   0.04653000
 0.00910000   0.04246000
 0.00745000   0.03843000
 0.00602000   0.03445000
 0.00480000   0.03052000
 0.00375000   0.02664000
 0.00285000   0.02284000
 0.00208000   0.01911000
 0.00141000   0.01546000
 0.00085000   0.01189000
 0.00042000   0.00842000
 0.00014000   0.00504000
 0.00001000   0.00176000
 0.00003000  -0.00150000
 0.00021000  -0.00481000
 0.00055000  -0.00821000
 0.00103000  -0.01170000
 0.00166000  -0.01527000
 0.00239000  -0.01890000
 0.00326000  -0.02261000
 0.00430000  -0.02637000
 0.00553000  -0.03018000
 0.00696000  -0.03405000
 0.00860000  -0.03797000
 0.01045000  -0.04193000
 0.01253000  -0.04594000
 0.01484000  -0.04999000
 0.01737000  -0.05410000
 0.02013000  -0.05826000
 0.02312000  -0.06247000
 0.02637000  -0.06672000
 0.02989000  -0.07100000
 0.03369000  -0.07531000
 0.03779000  -0.07964000
 0.04220000  -0.08399000
 0.04693000  -0.08836000
 0.05200000  -0.09273000
 0.05742000  -0.09710000
 0.06319000  -0.10146000
 0.06934000  -0.10581000
 0.07589000  -0.11011000
 0.08284000  -0.11436000
 0.09021000  -0.11855000
 0.09803000  -0.12265000
 0.10628000  -0.12666000
 0.11500000  -0.13055000
 0.12419000  -0.13432000
 0.13385000  -0.13794000
 0.14397000  -0.14139000
 0.15457000  -0.14464000
 0.16564000  -0.14768000
 0.17718000  -0.15047000
 0.18918000  -0.15301000
 0.20162000  -0.15526000
 0.21449000  -0.15722000
 0.22777000  -0.15885000
 0.24145000  -0.16014000
 0.25550000  -0.16108000
 0.26990000  -0.16163000
 0.28464000  -0.16179000
 0.29970000  -0.16156000
 0.31506000  -0.16090000
 0.33071000  -0.15982000
 0.34664000  -0.15832000
 0.36283000  -0.15637000
 0.37927000  -0.15396000
 0.39598000  -0.15109000
 0.41295000  -0.14775000
 0.43021000  -0.14391000
 0.44780000  -0.13956000
 0.46577000  -0.13466000
 0.48419000  -0.12921000
 0.50312000  -0.12320000
 0.52262000  -0.11660000
 0.54274000  -0.10940000
 0.56356000  -0.10158000
 0.58515000  -0.09316000
 0.60743000  -0.08421000
 0.63013000  -0.07498000
 0.65258000  -0.06585000
 0.67427000  -0.05713000
 0.69496000  -0.04904000
 0.71462000  -0.04167000
 0.73335000  -0.03502000
 0.75126000  -0.02905000
 0.76846000  -0.02373000
 0.78505000  -0.01904000
 0.80117000  -0.01495000
 0.81688000  -0.01139000
 0.83221000  -0.00835000
 0.84719000  -0.00581000
 0.86185000  -0.00376000
 0.87624000  -0.00220000
 0.89043000  -0.00113000
 0.90446000  -0.00055000
 0.91839000  -0.00044000
 0.93227000  -0.00081000
 0.94614000  -0.00164000
 0.96006000  -0.00301000
 0.97423000  -0.00515000
 0.98916000  -0.00829000
 1.00000000  -0.01103000
