FFA-W3-301_FFA-W3-270blend_blend_t28.2
       170   NumCoords         ! Number of coordinates including the reference point.
! x-y coordinate of airfoil reference
0.25        0
! coordinates of airfoil shape
 3.00000000  -301.00000000
 1.00000000   0.00766000
 0.99007000   0.00992000
 0.97372000   0.01361000
 0.95561000   0.01768000
 0.93588000   0.02212000
 0.91480000   0.02695000
 0.89250000   0.03214000
 0.86923000   0.03762000
 0.84522000   0.04334000
 0.82061000   0.04924000
 0.79566000   0.05523000
 0.77058000   0.06124000
 0.74556000   0.06722000
 0.72073000   0.07310000
 0.69612000   0.07886000
 0.67176000   0.08446000
 0.64765000   0.08989000
 0.62382000   0.09514000
 0.60027000   0.10018000
 0.57702000   0.10500000
 0.55407000   0.10958000
 0.53146000   0.11392000
 0.50922000   0.11799000
 0.48738000   0.12177000
 0.46598000   0.12524000
 0.44502000   0.12838000
 0.42448000   0.13118000
 0.40438000   0.13365000
 0.38476000   0.13576000
 0.36563000   0.13751000
 0.34700000   0.13890000
 0.32889000   0.13993000
 0.31131000   0.14059000
 0.29429000   0.14088000
 0.27782000   0.14080000
 0.26190000   0.14036000
 0.24652000   0.13957000
 0.23167000   0.13844000
 0.21739000   0.13700000
 0.20369000   0.13525000
 0.19054000   0.13318000
 0.17793000   0.13084000
 0.16586000   0.12823000
 0.15434000   0.12539000
 0.14336000   0.12233000
 0.13292000   0.11909000
 0.12300000   0.11568000
 0.11361000   0.11214000
 0.10474000   0.10849000
 0.09638000   0.10475000
 0.08851000   0.10095000
 0.08112000   0.09710000
 0.07419000   0.09323000
 0.06770000   0.08935000
 0.06163000   0.08548000
 0.05597000   0.08162000
 0.05069000   0.07778000
 0.04578000   0.07396000
 0.04120000   0.07016000
 0.03694000   0.06640000
 0.03297000   0.06269000
 0.02927000   0.05903000
 0.02585000   0.05543000
 0.02268000   0.05187000
 0.01976000   0.04836000
 0.01707000   0.04490000
 0.01459000   0.04148000
 0.01233000   0.03810000
 0.01028000   0.03477000
 0.00843000   0.03148000
 0.00678000   0.02823000
 0.00533000   0.02501000
 0.00407000   0.02182000
 0.00299000   0.01867000
 0.00208000   0.01555000
 0.00134000   0.01248000
 0.00077000   0.00948000
 0.00035000   0.00653000
 0.00009000   0.00364000
-0.00001000   0.00079000
 0.00005000  -0.00205000
 0.00027000  -0.00490000
 0.00067000  -0.00779000
 0.00126000  -0.01074000
 0.00206000  -0.01373000
 0.00307000  -0.01676000
 0.00430000  -0.01982000
 0.00572000  -0.02291000
 0.00733000  -0.02603000
 0.00913000  -0.02917000
 0.01112000  -0.03236000
 0.01332000  -0.03558000
 0.01573000  -0.03884000
 0.01836000  -0.04214000
 0.02123000  -0.04549000
 0.02434000  -0.04890000
 0.02769000  -0.05237000
 0.03132000  -0.05590000
 0.03522000  -0.05950000
 0.03943000  -0.06317000
 0.04395000  -0.06692000
 0.04882000  -0.07074000
 0.05404000  -0.07465000
 0.05963000  -0.07862000
 0.06562000  -0.08264000
 0.07204000  -0.08671000
 0.07891000  -0.09079000
 0.08625000  -0.09489000
 0.09408000  -0.09898000
 0.10239000  -0.10305000
 0.11121000  -0.10705000
 0.12054000  -0.11097000
 0.13037000  -0.11477000
 0.14070000  -0.11843000
 0.15153000  -0.12191000
 0.16284000  -0.12518000
 0.17461000  -0.12822000
 0.18682000  -0.13098000
 0.19948000  -0.13347000
 0.21257000  -0.13565000
 0.22604000  -0.13751000
 0.23988000  -0.13903000
 0.25408000  -0.14019000
 0.26860000  -0.14099000
 0.28343000  -0.14141000
 0.29852000  -0.14145000
 0.31386000  -0.14109000
 0.32945000  -0.14033000
 0.34525000  -0.13916000
 0.36125000  -0.13758000
 0.37744000  -0.13557000
 0.39384000  -0.13313000
 0.41044000  -0.13026000
 0.42725000  -0.12695000
 0.44430000  -0.12319000
 0.46159000  -0.11898000
 0.47917000  -0.11430000
 0.49708000  -0.10914000
 0.51539000  -0.10348000
 0.53418000  -0.09731000
 0.55349000  -0.09065000
 0.57336000  -0.08350000
 0.59379000  -0.07593000
 0.61467000  -0.06805000
 0.63559000  -0.06012000
 0.65609000  -0.05242000
 0.67590000  -0.04516000
 0.69497000  -0.03842000
 0.71335000  -0.03223000
 0.73113000  -0.02660000
 0.74838000  -0.02150000
 0.76510000  -0.01695000
 0.78135000  -0.01294000
 0.79729000  -0.00948000
 0.81305000  -0.00649000
 0.82863000  -0.00396000
 0.84402000  -0.00186000
 0.85921000  -0.00020000
 0.87419000   0.00102000
 0.88898000   0.00179000
 0.90361000   0.00210000
 0.91815000   0.00194000
 0.93264000   0.00135000
 0.94709000   0.00031000
 0.96148000  -0.00115000
 0.97587000  -0.00311000
 0.99034000  -0.00548000
 1.00000000  -0.00724000
