FFA-W3-330blend_FFA-W3-301_blend_t30.7
       170   NumCoords         ! Number of coordinates including the reference point.
! x-y coordinate of airfoil reference
0.25        0
! coordinates of airfoil shape
 3.00000000  -330.00000000
 1.00000000   0.00996000
 0.98922000   0.01257000
 0.97136000   0.01686000
 0.95144000   0.02160000
 0.92968000   0.02681000
 0.90636000   0.03251000
 0.88169000   0.03865000
 0.85596000   0.04512000
 0.82950000   0.05183000
 0.80253000   0.05868000
 0.77533000   0.06557000
 0.74814000   0.07243000
 0.72116000   0.07916000
 0.69448000   0.08572000
 0.66811000   0.09209000
 0.64208000   0.09823000
 0.61641000   0.10412000
 0.59110000   0.10978000
 0.56622000   0.11515000
 0.54178000   0.12023000
 0.51784000   0.12499000
 0.49448000   0.12942000
 0.47171000   0.13348000
 0.44956000   0.13716000
 0.42801000   0.14044000
 0.40707000   0.14332000
 0.38675000   0.14581000
 0.36708000   0.14789000
 0.34805000   0.14957000
 0.32967000   0.15085000
 0.31195000   0.15174000
 0.29491000   0.15225000
 0.27854000   0.15238000
 0.26281000   0.15215000
 0.24772000   0.15155000
 0.23325000   0.15062000
 0.21938000   0.14937000
 0.20610000   0.14781000
 0.19340000   0.14595000
 0.18124000   0.14380000
 0.16961000   0.14139000
 0.15848000   0.13873000
 0.14785000   0.13585000
 0.13771000   0.13276000
 0.12804000   0.12949000
 0.11884000   0.12605000
 0.11009000   0.12247000
 0.10179000   0.11876000
 0.09393000   0.11494000
 0.08649000   0.11104000
 0.07946000   0.10706000
 0.07283000   0.10303000
 0.06658000   0.09896000
 0.06070000   0.09487000
 0.05518000   0.09076000
 0.05001000   0.08665000
 0.04517000   0.08255000
 0.04064000   0.07846000
 0.03641000   0.07438000
 0.03248000   0.07033000
 0.02881000   0.06631000
 0.02541000   0.06232000
 0.02227000   0.05837000
 0.01937000   0.05445000
 0.01670000   0.05057000
 0.01426000   0.04673000
 0.01204000   0.04293000
 0.01003000   0.03917000
 0.00822000   0.03545000
 0.00662000   0.03177000
 0.00521000   0.02813000
 0.00399000   0.02454000
 0.00295000   0.02099000
 0.00208000   0.01750000
 0.00135000   0.01406000
 0.00078000   0.01067000
 0.00036000   0.00735000
 0.00010000   0.00412000
-0.00001000   0.00095000
 0.00004000  -0.00221000
 0.00023000  -0.00541000
 0.00060000  -0.00868000
 0.00114000  -0.01202000
 0.00185000  -0.01541000
 0.00274000  -0.01884000
 0.00380000  -0.02231000
 0.00506000  -0.02583000
 0.00651000  -0.02938000
 0.00817000  -0.03298000
 0.01002000  -0.03661000
 0.01210000  -0.04028000
 0.01439000  -0.04399000
 0.01690000  -0.04775000
 0.01965000  -0.05155000
 0.02263000  -0.05539000
 0.02585000  -0.05929000
 0.02933000  -0.06324000
 0.03309000  -0.06723000
 0.03712000  -0.07128000
 0.04146000  -0.07536000
 0.04611000  -0.07948000
 0.05109000  -0.08365000
 0.05642000  -0.08784000
 0.06211000  -0.09205000
 0.06817000  -0.09628000
 0.07463000  -0.10050000
 0.08150000  -0.10471000
 0.08878000  -0.10889000
 0.09649000  -0.11302000
 0.10465000  -0.11707000
 0.11325000  -0.12103000
 0.12230000  -0.12487000
 0.13181000  -0.12858000
 0.14177000  -0.13212000
 0.15218000  -0.13548000
 0.16304000  -0.13864000
 0.17434000  -0.14155000
 0.18607000  -0.14421000
 0.19824000  -0.14660000
 0.21081000  -0.14870000
 0.22379000  -0.15049000
 0.23714000  -0.15196000
 0.25086000  -0.15308000
 0.26494000  -0.15384000
 0.27934000  -0.15424000
 0.29406000  -0.15426000
 0.30907000  -0.15388000
 0.32437000  -0.15310000
 0.33992000  -0.15191000
 0.35574000  -0.15030000
 0.37179000  -0.14826000
 0.38810000  -0.14578000
 0.40466000  -0.14284000
 0.42149000  -0.13945000
 0.43861000  -0.13559000
 0.45604000  -0.13123000
 0.47384000  -0.12637000
 0.49206000  -0.12098000
 0.51077000  -0.11504000
 0.53005000  -0.10853000
 0.54997000  -0.10144000
 0.57059000  -0.09376000
 0.59196000  -0.08553000
 0.61394000  -0.07687000
 0.63613000  -0.06805000
 0.65790000  -0.05946000
 0.67881000  -0.05137000
 0.69874000  -0.04391000
 0.71774000  -0.03714000
 0.73594000  -0.03102000
 0.75341000  -0.02551000
 0.77024000  -0.02061000
 0.78653000  -0.01630000
 0.80241000  -0.01255000
 0.81795000  -0.00931000
 0.83318000  -0.00655000
 0.84811000  -0.00424000
 0.86276000  -0.00240000
 0.87717000  -0.00102000
 0.89137000  -0.00010000
 0.90543000   0.00035000
 0.91939000   0.00035000
 0.93329000  -0.00011000
 0.94719000  -0.00101000
 0.96112000  -0.00241000
 0.97523000  -0.00446000
 0.98983000  -0.00720000
 1.00000000  -0.00943000
