FFA-W3-241_FFA-W3-211_blend_t24.1
       122   NumCoords         ! Number of coordinates including the reference point.
! x-y coordinate of airfoil reference
0.25        0
! coordinates of airfoil shape
 3.00000000  -241.00000000
 1.00000000   0.00391000
 0.98782000   0.00637000
 0.96720000   0.01054000
 0.94379000   0.01526000
 0.91797000   0.02053000
 0.89028000   0.02627000
 0.86125000   0.03241000
 0.83131000   0.03882000
 0.80083000   0.04543000
 0.76998000   0.05218000
 0.73896000   0.05899000
 0.70803000   0.06578000
 0.67732000   0.07243000
 0.64693000   0.07891000
 0.61694000   0.08514000
 0.58735000   0.09107000
 0.55814000   0.09664000
 0.52931000   0.10184000
 0.50089000   0.10663000
 0.47293000   0.11096000
 0.44548000   0.11480000
 0.41854000   0.11809000
 0.39216000   0.12082000
 0.36640000   0.12294000
 0.34130000   0.12441000
 0.31688000   0.12520000
 0.29314000   0.12529000
 0.27012000   0.12467000
 0.24781000   0.12334000
 0.22628000   0.12132000
 0.20561000   0.11867000
 0.18591000   0.11540000
 0.16727000   0.11161000
 0.14977000   0.10736000
 0.13351000   0.10274000
 0.11851000   0.09786000
 0.10480000   0.09284000
 0.09237000   0.08773000
 0.08114000   0.08262000
 0.07104000   0.07755000
 0.06198000   0.07258000
 0.05385000   0.06771000
 0.04657000   0.06296000
 0.04005000   0.05833000
 0.03420000   0.05381000
 0.02896000   0.04941000
 0.02427000   0.04511000
 0.02010000   0.04091000
 0.01639000   0.03677000
 0.01310000   0.03271000
 0.01020000   0.02873000
 0.00767000   0.02483000
 0.00553000   0.02099000
 0.00379000   0.01717000
 0.00240000   0.01339000
 0.00133000   0.00969000
 0.00056000   0.00610000
 0.00011000   0.00262000
 0.00000000  -0.00082000
 0.00026000  -0.00428000
 0.00094000  -0.00778000
 0.00212000  -0.01129000
 0.00379000  -0.01478000
 0.00587000  -0.01827000
 0.00832000  -0.02177000
 0.01114000  -0.02528000
 0.01435000  -0.02880000
 0.01798000  -0.03237000
 0.02203000  -0.03600000
 0.02652000  -0.03972000
 0.03151000  -0.04355000
 0.03704000  -0.04750000
 0.04320000  -0.05160000
 0.05004000  -0.05585000
 0.05767000  -0.06028000
 0.06618000  -0.06488000
 0.07568000  -0.06964000
 0.08628000  -0.07455000
 0.09808000  -0.07956000
 0.11114000  -0.08461000
 0.12552000  -0.08961000
 0.14119000  -0.09445000
 0.15811000  -0.09903000
 0.17619000  -0.10322000
 0.19529000  -0.10692000
 0.21527000  -0.11004000
 0.23603000  -0.11252000
 0.25741000  -0.11432000
 0.27930000  -0.11540000
 0.30156000  -0.11574000
 0.32414000  -0.11530000
 0.34697000  -0.11409000
 0.37003000  -0.11210000
 0.39329000  -0.10931000
 0.41678000  -0.10573000
 0.44052000  -0.10135000
 0.46455000  -0.09615000
 0.48900000  -0.09012000
 0.51405000  -0.08325000
 0.53980000  -0.07559000
 0.56628000  -0.06724000
 0.59349000  -0.05831000
 0.62109000  -0.04911000
 0.64827000  -0.04016000
 0.67453000  -0.03181000
 0.69991000  -0.02425000
 0.72452000  -0.01752000
 0.74846000  -0.01166000
 0.77180000  -0.00670000
 0.79474000  -0.00267000
 0.81749000   0.00049000
 0.84009000   0.00283000
 0.86246000   0.00440000
 0.88450000   0.00519000
 0.90614000   0.00516000
 0.92741000   0.00430000
 0.94827000   0.00269000
 0.96854000   0.00049000
 0.98790000  -0.00199000
 1.00000000  -0.00360000
