FFA-W3-241_FFA-W3-211_blend_t22.7
       122   NumCoords         ! Number of coordinates including the reference point.
! x-y coordinate of airfoil reference
0.25        0
! coordinates of airfoil shape
 3.00000000  -241.00000000
 1.00000000   0.00271000
 0.98888000   0.00480000
 0.96984000   0.00835000
 0.94812000   0.01244000
 0.92413000   0.01708000
 0.89853000   0.02215000
 0.87188000   0.02755000
 0.84459000   0.03320000
 0.81691000   0.03901000
 0.78905000   0.04497000
 0.76098000   0.05106000
 0.73280000   0.05722000
 0.70461000   0.06338000
 0.67655000   0.06948000
 0.64872000   0.07545000
 0.62119000   0.08125000
 0.59399000   0.08679000
 0.56706000   0.09205000
 0.54036000   0.09701000
 0.51391000   0.10165000
 0.48778000   0.10593000
 0.46199000   0.10980000
 0.43657000   0.11323000
 0.41155000   0.11617000
 0.38696000   0.11858000
 0.36283000   0.12044000
 0.33922000   0.12170000
 0.31614000   0.12231000
 0.29352000   0.12224000
 0.27135000   0.12148000
 0.24963000   0.12002000
 0.22836000   0.11785000
 0.20761000   0.11501000
 0.18747000   0.11152000
 0.16809000   0.10742000
 0.14960000   0.10279000
 0.13218000   0.09771000
 0.11597000   0.09230000
 0.10111000   0.08669000
 0.08768000   0.08101000
 0.07569000   0.07537000
 0.06506000   0.06986000
 0.05571000   0.06453000
 0.04750000   0.05941000
 0.04031000   0.05451000
 0.03400000   0.04981000
 0.02846000   0.04533000
 0.02360000   0.04103000
 0.01935000   0.03688000
 0.01561000   0.03287000
 0.01235000   0.02899000
 0.00951000   0.02525000
 0.00709000   0.02161000
 0.00507000   0.01803000
 0.00340000   0.01452000
 0.00207000   0.01108000
 0.00106000   0.00776000
 0.00037000   0.00456000
 0.00003000   0.00145000
 0.00007000  -0.00167000
 0.00051000  -0.00481000
 0.00137000  -0.00799000
 0.00274000  -0.01115000
 0.00460000  -0.01429000
 0.00688000  -0.01742000
 0.00955000  -0.02055000
 0.01261000  -0.02372000
 0.01610000  -0.02694000
 0.02005000  -0.03023000
 0.02451000  -0.03364000
 0.02954000  -0.03719000
 0.03523000  -0.04089000
 0.04167000  -0.04479000
 0.04901000  -0.04890000
 0.05738000  -0.05326000
 0.06695000  -0.05787000
 0.07786000  -0.06272000
 0.09026000  -0.06776000
 0.10422000  -0.07291000
 0.11973000  -0.07807000
 0.13667000  -0.08307000
 0.15489000  -0.08777000
 0.17414000  -0.09205000
 0.19423000  -0.09579000
 0.21497000  -0.09893000
 0.23623000  -0.10142000
 0.25788000  -0.10325000
 0.27981000  -0.10441000
 0.30190000  -0.10487000
 0.32412000  -0.10462000
 0.34645000  -0.10367000
 0.36886000  -0.10200000
 0.39137000  -0.09962000
 0.41399000  -0.09654000
 0.43676000  -0.09274000
 0.45971000  -0.08823000
 0.48298000  -0.08297000
 0.50679000  -0.07697000
 0.53127000  -0.07030000
 0.55641000  -0.06304000
 0.58213000  -0.05534000
 0.60823000  -0.04739000
 0.63421000  -0.03952000
 0.65960000  -0.03204000
 0.68431000  -0.02513000
 0.70844000  -0.01886000
 0.73209000  -0.01325000
 0.75531000  -0.00833000
 0.77812000  -0.00415000
 0.80064000  -0.00072000
 0.82301000   0.00197000
 0.84525000   0.00394000
 0.86726000   0.00523000
 0.88893000   0.00580000
 0.91020000   0.00563000
 0.93102000   0.00474000
 0.95129000   0.00318000
 0.97074000   0.00112000
 0.98892000  -0.00112000
 1.00000000  -0.00255000
