FFA-W3-270blend_FFA-W3-241_blend_t26.1
       170   NumCoords         ! Number of coordinates including the reference point.
! x-y coordinate of airfoil reference
0.25        0
! coordinates of airfoil shape
 3.00000000  -270.00000000
 1.00000000   0.00568000
 0.99076000   0.00766000
 0.97564000   0.01089000
 0.95899000   0.01444000
 0.94091000   0.01829000
 0.92159000   0.02244000
 0.90124000   0.02689000
 0.88005000   0.03158000
 0.85821000   0.03646000
 0.83593000   0.04149000
 0.81341000   0.04661000
 0.79084000   0.05176000
 0.76837000   0.05688000
 0.74593000   0.06200000
 0.72340000   0.06712000
 0.70086000   0.07220000
 0.67841000   0.07719000
 0.65615000   0.08207000
 0.63402000   0.08682000
 0.61206000   0.09144000
 0.59029000   0.09588000
 0.56864000   0.10015000
 0.54715000   0.10423000
 0.52587000   0.10811000
 0.50482000   0.11175000
 0.48406000   0.11514000
 0.46360000   0.11827000
 0.44345000   0.12111000
 0.42363000   0.12365000
 0.40416000   0.12587000
 0.38506000   0.12778000
 0.36634000   0.12936000
 0.34802000   0.13060000
 0.33013000   0.13148000
 0.31266000   0.13201000
 0.29563000   0.13218000
 0.27904000   0.13200000
 0.26291000   0.13145000
 0.24724000   0.13054000
 0.23205000   0.12929000
 0.21736000   0.12773000
 0.20320000   0.12584000
 0.18957000   0.12366000
 0.17649000   0.12118000
 0.16397000   0.11845000
 0.15203000   0.11550000
 0.14068000   0.11235000
 0.12992000   0.10903000
 0.11976000   0.10557000
 0.11018000   0.10201000
 0.10119000   0.09838000
 0.09277000   0.09469000
 0.08489000   0.09098000
 0.07754000   0.08725000
 0.07069000   0.08353000
 0.06431000   0.07983000
 0.05838000   0.07617000
 0.05287000   0.07253000
 0.04775000   0.06894000
 0.04300000   0.06538000
 0.03861000   0.06186000
 0.03453000   0.05837000
 0.03072000   0.05496000
 0.02716000   0.05164000
 0.02387000   0.04838000
 0.02084000   0.04516000
 0.01806000   0.04196000
 0.01551000   0.03881000
 0.01317000   0.03569000
 0.01104000   0.03261000
 0.00910000   0.02957000
 0.00735000   0.02656000
 0.00580000   0.02359000
 0.00445000   0.02064000
 0.00331000   0.01771000
 0.00234000   0.01482000
 0.00155000   0.01195000
 0.00093000   0.00913000
 0.00046000   0.00637000
 0.00016000   0.00367000
 0.00001000   0.00103000
 0.00003000  -0.00160000
 0.00023000  -0.00424000
 0.00063000  -0.00692000
 0.00128000  -0.00964000
 0.00218000  -0.01238000
 0.00332000  -0.01513000
 0.00465000  -0.01789000
 0.00617000  -0.02066000
 0.00789000  -0.02345000
 0.00979000  -0.02627000
 0.01189000  -0.02910000
 0.01420000  -0.03195000
 0.01673000  -0.03483000
 0.01948000  -0.03775000
 0.02244000  -0.04072000
 0.02562000  -0.04374000
 0.02907000  -0.04682000
 0.03278000  -0.04996000
 0.03677000  -0.05316000
 0.04108000  -0.05645000
 0.04571000  -0.05980000
 0.05070000  -0.06325000
 0.05606000  -0.06680000
 0.06182000  -0.07044000
 0.06802000  -0.07415000
 0.07470000  -0.07792000
 0.08187000  -0.08174000
 0.08957000  -0.08559000
 0.09782000  -0.08946000
 0.10664000  -0.09333000
 0.11603000  -0.09716000
 0.12600000  -0.10091000
 0.13655000  -0.10456000
 0.14767000  -0.10806000
 0.15934000  -0.11139000
 0.17153000  -0.11450000
 0.18422000  -0.11736000
 0.19738000  -0.11994000
 0.21097000  -0.12221000
 0.22497000  -0.12416000
 0.23934000  -0.12577000
 0.25405000  -0.12702000
 0.26906000  -0.12790000
 0.28433000  -0.12841000
 0.29984000  -0.12852000
 0.31556000  -0.12824000
 0.33148000  -0.12756000
 0.34756000  -0.12647000
 0.36381000  -0.12498000
 0.38021000  -0.12306000
 0.39676000  -0.12073000
 0.41347000  -0.11797000
 0.43036000  -0.11479000
 0.44742000  -0.11119000
 0.46469000  -0.10714000
 0.48220000  -0.10265000
 0.50000000  -0.09771000
 0.51814000  -0.09231000
 0.53667000  -0.08647000
 0.55560000  -0.08022000
 0.57494000  -0.07359000
 0.59462000  -0.06666000
 0.61447000  -0.05957000
 0.63426000  -0.05250000
 0.65377000  -0.04562000
 0.67282000  -0.03906000
 0.69136000  -0.03293000
 0.70941000  -0.02726000
 0.72698000  -0.02208000
 0.74413000  -0.01738000
 0.76090000  -0.01316000
 0.77734000  -0.00944000
 0.79354000  -0.00625000
 0.80958000  -0.00352000
 0.82549000  -0.00125000
 0.84128000   0.00060000
 0.85693000   0.00204000
 0.87241000   0.00305000
 0.88773000   0.00364000
 0.90289000   0.00377000
 0.91793000   0.00346000
 0.93285000   0.00271000
 0.94765000   0.00155000
 0.96230000   0.00003000
 0.97673000  -0.00184000
 0.99085000  -0.00392000
 1.00000000  -0.00532000
