FFA-W3-241_FFA-W3-211_blend_t21.7
       122   NumCoords         ! Number of coordinates including the reference point.
! x-y coordinate of airfoil reference
0.25        0
! coordinates of airfoil shape
 3.00000000  -241.00000000
 1.00000000   0.00186000
 0.98951000   0.00372000
 0.97140000   0.00688000
 0.95066000   0.01058000
 0.92773000   0.01483000
 0.90331000   0.01950000
 0.87799000   0.02447000
 0.85218000   0.02966000
 0.82603000   0.03502000
 0.79981000   0.04051000
 0.77345000   0.04614000
 0.74694000   0.05188000
 0.72029000   0.05770000
 0.69363000   0.06353000
 0.66710000   0.06929000
 0.64078000   0.07494000
 0.61475000   0.08042000
 0.58902000   0.08566000
 0.56348000   0.09064000
 0.53808000   0.09536000
 0.51289000   0.09981000
 0.48797000   0.10391000
 0.46332000   0.10765000
 0.43897000   0.11098000
 0.41497000   0.11386000
 0.39133000   0.11625000
 0.36807000   0.11812000
 0.34525000   0.11944000
 0.32292000   0.12014000
 0.30098000   0.12017000
 0.27936000   0.11954000
 0.25808000   0.11823000
 0.23711000   0.11622000
 0.21645000   0.11353000
 0.19615000   0.11016000
 0.17635000   0.10616000
 0.15718000   0.10157000
 0.13881000   0.09644000
 0.12144000   0.09087000
 0.10528000   0.08499000
 0.09052000   0.07896000
 0.07729000   0.07293000
 0.06562000   0.06704000
 0.05545000   0.06137000
 0.04665000   0.05598000
 0.03905000   0.05088000
 0.03251000   0.04609000
 0.02686000   0.04156000
 0.02199000   0.03728000
 0.01777000   0.03320000
 0.01412000   0.02931000
 0.01098000   0.02559000
 0.00830000   0.02202000
 0.00605000   0.01855000
 0.00417000   0.01515000
 0.00264000   0.01185000
 0.00145000   0.00866000
 0.00061000   0.00561000
 0.00013000   0.00266000
 0.00003000  -0.00026000
 0.00032000  -0.00322000
 0.00103000  -0.00620000
 0.00222000  -0.00919000
 0.00393000  -0.01214000
 0.00612000  -0.01506000
 0.00872000  -0.01798000
 0.01174000  -0.02091000
 0.01521000  -0.02390000
 0.01918000  -0.02698000
 0.02372000  -0.03019000
 0.02890000  -0.03356000
 0.03484000  -0.03713000
 0.04170000  -0.04092000
 0.04965000  -0.04496000
 0.05890000  -0.04931000
 0.06965000  -0.05395000
 0.08208000  -0.05887000
 0.09627000  -0.06397000
 0.11219000  -0.06911000
 0.12964000  -0.07415000
 0.14835000  -0.07889000
 0.16802000  -0.08322000
 0.18838000  -0.08704000
 0.20927000  -0.09026000
 0.23054000  -0.09288000
 0.25210000  -0.09487000
 0.27384000  -0.09624000
 0.29566000  -0.09697000
 0.31753000  -0.09704000
 0.33942000  -0.09646000
 0.36135000  -0.09522000
 0.38331000  -0.09331000
 0.40534000  -0.09076000
 0.42743000  -0.08755000
 0.44963000  -0.08368000
 0.47204000  -0.07913000
 0.49487000  -0.07390000
 0.51833000  -0.06801000
 0.54244000  -0.06157000
 0.56715000  -0.05470000
 0.59225000  -0.04757000
 0.61740000  -0.04041000
 0.64221000  -0.03348000
 0.66649000  -0.02696000
 0.69027000  -0.02094000
 0.71365000  -0.01547000
 0.73673000  -0.01057000
 0.75953000  -0.00624000
 0.78201000  -0.00254000
 0.80426000   0.00051000
 0.82637000   0.00290000
 0.84832000   0.00465000
 0.87007000   0.00576000
 0.89150000   0.00621000
 0.91254000   0.00598000
 0.93311000   0.00509000
 0.95305000   0.00358000
 0.97205000   0.00162000
 0.98953000  -0.00047000
 1.00000000  -0.00179000
