FFA-W3-270blend_FFA-W3-241_blend_t24.9
       170   NumCoords         ! Number of coordinates including the reference point.
! x-y coordinate of airfoil reference
0.25        0
! coordinates of airfoil shape
 3.00000000  -270.00000000
 1.00000000   0.00467000
 0.99121000   0.00649000
 0.97683000   0.00947000
 0.96101000   0.01274000
 0.94380000   0.01629000
 0.92535000   0.02013000
 0.90586000   0.02424000
 0.88552000   0.02859000
 0.86451000   0.03314000
 0.84301000   0.03784000
 0.82117000   0.04264000
 0.79913000   0.04753000
 0.77699000   0.05247000
 0.75479000   0.05742000
 0.73255000   0.06239000
 0.71030000   0.06733000
 0.68812000   0.07221000
 0.66607000   0.07701000
 0.64417000   0.08170000
 0.62246000   0.08625000
 0.60095000   0.09065000
 0.57964000   0.09488000
 0.55853000   0.09892000
 0.53764000   0.10277000
 0.51696000   0.10640000
 0.49652000   0.10981000
 0.47634000   0.11297000
 0.45643000   0.11588000
 0.43680000   0.11851000
 0.41746000   0.12085000
 0.39843000   0.12289000
 0.37972000   0.12462000
 0.36136000   0.12603000
 0.34336000   0.12711000
 0.32572000   0.12783000
 0.30846000   0.12821000
 0.29159000   0.12822000
 0.27511000   0.12787000
 0.25904000   0.12716000
 0.24338000   0.12609000
 0.22816000   0.12468000
 0.21341000   0.12295000
 0.19917000   0.12090000
 0.18545000   0.11856000
 0.17228000   0.11594000
 0.15968000   0.11308000
 0.14769000   0.11000000
 0.13631000   0.10675000
 0.12556000   0.10335000
 0.11544000   0.09984000
 0.10594000   0.09626000
 0.09706000   0.09263000
 0.08877000   0.08897000
 0.08106000   0.08531000
 0.07388000   0.08166000
 0.06721000   0.07804000
 0.06103000   0.07446000
 0.05529000   0.07093000
 0.04997000   0.06744000
 0.04505000   0.06401000
 0.04048000   0.06062000
 0.03625000   0.05727000
 0.03233000   0.05399000
 0.02867000   0.05079000
 0.02529000   0.04764000
 0.02217000   0.04453000
 0.01930000   0.04145000
 0.01667000   0.03841000
 0.01425000   0.03541000
 0.01204000   0.03245000
 0.01002000   0.02952000
 0.00818000   0.02664000
 0.00654000   0.02378000
 0.00511000   0.02094000
 0.00388000   0.01813000
 0.00283000   0.01534000
 0.00195000   0.01258000
 0.00124000   0.00986000
 0.00069000   0.00719000
 0.00029000   0.00458000
 0.00006000   0.00203000
-0.00000000  -0.00049000
 0.00011000  -0.00300000
 0.00043000  -0.00554000
 0.00097000  -0.00812000
 0.00178000  -0.01072000
 0.00283000  -0.01333000
 0.00412000  -0.01594000
 0.00559000  -0.01855000
 0.00725000  -0.02116000
 0.00910000  -0.02378000
 0.01115000  -0.02642000
 0.01340000  -0.02908000
 0.01585000  -0.03175000
 0.01852000  -0.03444000
 0.02140000  -0.03717000
 0.02449000  -0.03995000
 0.02782000  -0.04279000
 0.03141000  -0.04567000
 0.03528000  -0.04862000
 0.03944000  -0.05164000
 0.04392000  -0.05473000
 0.04874000  -0.05790000
 0.05394000  -0.06116000
 0.05954000  -0.06451000
 0.06557000  -0.06795000
 0.07208000  -0.07145000
 0.07909000  -0.07503000
 0.08665000  -0.07866000
 0.09478000  -0.08234000
 0.10351000  -0.08603000
 0.11286000  -0.08972000
 0.12284000  -0.09337000
 0.13344000  -0.09694000
 0.14467000  -0.10039000
 0.15649000  -0.10369000
 0.16889000  -0.10680000
 0.18183000  -0.10967000
 0.19526000  -0.11228000
 0.20915000  -0.11459000
 0.22345000  -0.11658000
 0.23814000  -0.11823000
 0.25315000  -0.11953000
 0.26845000  -0.12046000
 0.28399000  -0.12102000
 0.29975000  -0.12119000
 0.31570000  -0.12097000
 0.33181000  -0.12034000
 0.34807000  -0.11932000
 0.36446000  -0.11788000
 0.38098000  -0.11604000
 0.39762000  -0.11378000
 0.41440000  -0.11112000
 0.43132000  -0.10803000
 0.44840000  -0.10453000
 0.46567000  -0.10060000
 0.48315000  -0.09623000
 0.50092000  -0.09142000
 0.51900000  -0.08619000
 0.53744000  -0.08055000
 0.55625000  -0.07453000
 0.57544000  -0.06818000
 0.59493000  -0.06156000
 0.61459000  -0.05481000
 0.63417000  -0.04810000
 0.65344000  -0.04159000
 0.67226000  -0.03540000
 0.69063000  -0.02961000
 0.70855000  -0.02426000
 0.72608000  -0.01936000
 0.74324000  -0.01491000
 0.76007000  -0.01093000
 0.77663000  -0.00742000
 0.79298000  -0.00441000
 0.80920000  -0.00186000
 0.82532000   0.00024000
 0.84132000   0.00193000
 0.85719000   0.00322000
 0.87290000   0.00410000
 0.88844000   0.00457000
 0.90379000   0.00459000
 0.91897000   0.00418000
 0.93398000   0.00334000
 0.94879000   0.00213000
 0.96334000   0.00059000
 0.97754000  -0.00120000
 0.99124000  -0.00309000
 1.00000000  -0.00433000
