FFA-W3-270blend_FFA-W3-241_blend_t26.5
       170   NumCoords         ! Number of coordinates including the reference point.
! x-y coordinate of airfoil reference
0.25        0
! coordinates of airfoil shape
 3.00000000  -270.00000000
 1.00000000   0.00605000
 0.99055000   0.00809000
 0.97511000   0.01143000
 0.95810000   0.01510000
 0.93966000   0.01906000
 0.91998000   0.02334000
 0.89930000   0.02792000
 0.87780000   0.03273000
 0.85568000   0.03774000
 0.83313000   0.04288000
 0.81040000   0.04810000
 0.78770000   0.05333000
 0.76516000   0.05852000
 0.74265000   0.06369000
 0.72002000   0.06886000
 0.69740000   0.07398000
 0.67490000   0.07899000
 0.65261000   0.08389000
 0.63045000   0.08866000
 0.60845000   0.09327000
 0.58661000   0.09773000
 0.56483000   0.10201000
 0.54319000   0.10612000
 0.52176000   0.11000000
 0.50056000   0.11365000
 0.47967000   0.11704000
 0.45910000   0.12015000
 0.43885000   0.12296000
 0.41896000   0.12547000
 0.39944000   0.12766000
 0.38032000   0.12951000
 0.36159000   0.13103000
 0.34330000   0.13221000
 0.32545000   0.13303000
 0.30805000   0.13349000
 0.29112000   0.13359000
 0.27465000   0.13333000
 0.25867000   0.13271000
 0.24317000   0.13174000
 0.22817000   0.13043000
 0.21368000   0.12882000
 0.19974000   0.12688000
 0.18635000   0.12465000
 0.17351000   0.12213000
 0.16123000   0.11938000
 0.14952000   0.11640000
 0.13840000   0.11322000
 0.12785000   0.10989000
 0.11789000   0.10641000
 0.10850000   0.10284000
 0.09968000   0.09920000
 0.09141000   0.09549000
 0.08367000   0.09176000
 0.07645000   0.08802000
 0.06970000   0.08428000
 0.06342000   0.08055000
 0.05757000   0.07686000
 0.05213000   0.07319000
 0.04708000   0.06955000
 0.04238000   0.06595000
 0.03804000   0.06238000
 0.03401000   0.05885000
 0.03024000   0.05538000
 0.02670000   0.05202000
 0.02343000   0.04872000
 0.02043000   0.04545000
 0.01767000   0.04221000
 0.01515000   0.03901000
 0.01283000   0.03585000
 0.01073000   0.03272000
 0.00881000   0.02963000
 0.00708000   0.02658000
 0.00556000   0.02356000
 0.00424000   0.02056000
 0.00313000   0.01759000
 0.00219000   0.01465000
 0.00143000   0.01175000
 0.00083000   0.00888000
 0.00040000   0.00608000
 0.00012000   0.00334000
 0.00000000   0.00065000
 0.00005000  -0.00202000
 0.00028000  -0.00472000
 0.00072000  -0.00746000
 0.00140000  -0.01023000
 0.00234000  -0.01303000
 0.00350000  -0.01585000
 0.00485000  -0.01867000
 0.00639000  -0.02151000
 0.00813000  -0.02437000
 0.01005000  -0.02726000
 0.01217000  -0.03018000
 0.01452000  -0.03310000
 0.01708000  -0.03606000
 0.01986000  -0.03906000
 0.02285000  -0.04213000
 0.02608000  -0.04524000
 0.02957000  -0.04841000
 0.03333000  -0.05164000
 0.03737000  -0.05494000
 0.04174000  -0.05832000
 0.04643000  -0.06177000
 0.05149000  -0.06533000
 0.05690000  -0.06899000
 0.06272000  -0.07272000
 0.06899000  -0.07652000
 0.07571000  -0.08038000
 0.08294000  -0.08427000
 0.09068000  -0.08819000
 0.09896000  -0.09212000
 0.10780000  -0.09603000
 0.11719000  -0.09990000
 0.12714000  -0.10368000
 0.13766000  -0.10735000
 0.14872000  -0.11085000
 0.16032000  -0.11417000
 0.17243000  -0.11728000
 0.18501000  -0.12013000
 0.19806000  -0.12269000
 0.21153000  -0.12495000
 0.22541000  -0.12687000
 0.23966000  -0.12847000
 0.25425000  -0.12970000
 0.26914000  -0.13056000
 0.28431000  -0.13106000
 0.29972000  -0.13115000
 0.31536000  -0.13086000
 0.33119000  -0.13015000
 0.34721000  -0.12905000
 0.36340000  -0.12754000
 0.37976000  -0.12560000
 0.39627000  -0.12324000
 0.41295000  -0.12046000
 0.42983000  -0.11726000
 0.44688000  -0.11362000
 0.46415000  -0.10954000
 0.48167000  -0.10500000
 0.49949000  -0.10001000
 0.51765000  -0.09456000
 0.53621000  -0.08865000
 0.55520000  -0.08232000
 0.57460000  -0.07558000
 0.59435000  -0.06854000
 0.61428000  -0.06132000
 0.63416000  -0.05412000
 0.65378000  -0.04709000
 0.67293000  -0.04039000
 0.69156000  -0.03412000
 0.70965000  -0.02834000
 0.72726000  -0.02305000
 0.74441000  -0.01826000
 0.76115000  -0.01396000
 0.77755000  -0.01017000
 0.79369000  -0.00690000
 0.80966000  -0.00412000
 0.82549000  -0.00178000
 0.84120000   0.00011000
 0.85675000   0.00161000
 0.87216000   0.00267000
 0.88739000   0.00330000
 0.90248000   0.00348000
 0.91746000   0.00320000
 0.93235000   0.00248000
 0.94715000   0.00135000
 0.96184000  -0.00017000
 0.97637000  -0.00205000
 0.99067000  -0.00421000
 1.00000000  -0.00568000
