FFA-W3-330blend_FFA-W3-301_blend_t30.9
       170   NumCoords         ! Number of coordinates including the reference point.
! x-y coordinate of airfoil reference
0.25        0
! coordinates of airfoil shape
 3.00000000  -330.00000000
 1.00000000   0.01017000
 0.98911000   0.01283000
 0.97107000   0.01719000
 0.95098000   0.02199000
 0.92905000   0.02727000
 0.90559000   0.03304000
 0.88081000   0.03923000
 0.85505000   0.04574000
 0.82861000   0.05247000
 0.80169000   0.05934000
 0.77452000   0.06625000
 0.74732000   0.07314000
 0.72030000   0.07991000
 0.69355000   0.08652000
 0.66710000   0.09293000
 0.64099000   0.09911000
 0.61523000   0.10506000
 0.58985000   0.11076000
 0.56490000   0.11618000
 0.54040000   0.12129000
 0.51641000   0.12610000
 0.49300000   0.13055000
 0.47021000   0.13464000
 0.44804000   0.13834000
 0.42648000   0.14163000
 0.40553000   0.14453000
 0.38523000   0.14703000
 0.36557000   0.14911000
 0.34656000   0.15079000
 0.32821000   0.15207000
 0.31053000   0.15296000
 0.29353000   0.15347000
 0.27720000   0.15359000
 0.26152000   0.15334000
 0.24648000   0.15274000
 0.23206000   0.15180000
 0.21825000   0.15054000
 0.20503000   0.14897000
 0.19238000   0.14710000
 0.18028000   0.14494000
 0.16870000   0.14252000
 0.15763000   0.13985000
 0.14706000   0.13695000
 0.13696000   0.13385000
 0.12734000   0.13056000
 0.11819000   0.12712000
 0.10949000   0.12352000
 0.10123000   0.11979000
 0.09341000   0.11595000
 0.08600000   0.11203000
 0.07900000   0.10803000
 0.07240000   0.10397000
 0.06618000   0.09987000
 0.06033000   0.09575000
 0.05483000   0.09161000
 0.04968000   0.08746000
 0.04485000   0.08331000
 0.04034000   0.07918000
 0.03613000   0.07507000
 0.03221000   0.07097000
 0.02857000   0.06691000
 0.02519000   0.06288000
 0.02206000   0.05888000
 0.01918000   0.05492000
 0.01653000   0.05101000
 0.01410000   0.04713000
 0.01190000   0.04329000
 0.00990000   0.03949000
 0.00812000   0.03574000
 0.00654000   0.03202000
 0.00515000   0.02835000
 0.00396000   0.02473000
 0.00293000   0.02115000
 0.00207000   0.01764000
 0.00135000   0.01417000
 0.00078000   0.01077000
 0.00037000   0.00743000
 0.00010000   0.00418000
-0.00001000   0.00100000
 0.00004000  -0.00217000
 0.00024000  -0.00538000
 0.00060000  -0.00867000
 0.00113000  -0.01202000
 0.00184000  -0.01543000
 0.00271000  -0.01888000
 0.00376000  -0.02239000
 0.00499000  -0.02593000
 0.00642000  -0.02952000
 0.00805000  -0.03315000
 0.00988000  -0.03681000
 0.01193000  -0.04052000
 0.01420000  -0.04426000
 0.01670000  -0.04805000
 0.01942000  -0.05189000
 0.02237000  -0.05577000
 0.02558000  -0.05971000
 0.02903000  -0.06369000
 0.03276000  -0.06772000
 0.03677000  -0.07179000
 0.04108000  -0.07591000
 0.04571000  -0.08006000
 0.05066000  -0.08425000
 0.05596000  -0.08846000
 0.06162000  -0.09269000
 0.06765000  -0.09693000
 0.07407000  -0.10117000
 0.08090000  -0.10539000
 0.08814000  -0.10958000
 0.09582000  -0.11371000
 0.10393000  -0.11777000
 0.11249000  -0.12173000
 0.12150000  -0.12558000
 0.13097000  -0.12929000
 0.14090000  -0.13284000
 0.15128000  -0.13621000
 0.16210000  -0.13937000
 0.17337000  -0.14230000
 0.18509000  -0.14497000
 0.19723000  -0.14738000
 0.20979000  -0.14949000
 0.22275000  -0.15130000
 0.23610000  -0.15279000
 0.24981000  -0.15392000
 0.26388000  -0.15471000
 0.27829000  -0.15512000
 0.29300000  -0.15515000
 0.30802000  -0.15479000
 0.32332000  -0.15402000
 0.33889000  -0.15285000
 0.35471000  -0.15125000
 0.37078000  -0.14921000
 0.38710000  -0.14674000
 0.40368000  -0.14381000
 0.42052000  -0.14043000
 0.43766000  -0.13656000
 0.45510000  -0.13221000
 0.47292000  -0.12734000
 0.49116000  -0.12194000
 0.50989000  -0.11600000
 0.52919000  -0.10948000
 0.54914000  -0.10237000
 0.56979000  -0.09467000
 0.59118000  -0.08642000
 0.61321000  -0.07772000
 0.63548000  -0.06885000
 0.65734000  -0.06018000
 0.67835000  -0.05202000
 0.69837000  -0.04449000
 0.71745000  -0.03765000
 0.73570000  -0.03147000
 0.75322000  -0.02591000
 0.77009000  -0.02096000
 0.78641000  -0.01661000
 0.80232000  -0.01283000
 0.81787000  -0.00955000
 0.83311000  -0.00675000
 0.84804000  -0.00442000
 0.86269000  -0.00256000
 0.87709000  -0.00116000
 0.89129000  -0.00022000
 0.90534000   0.00024000
 0.91929000   0.00025000
 0.93319000  -0.00019000
 0.94708000  -0.00109000
 0.96100000  -0.00249000
 0.97512000  -0.00454000
 0.98976000  -0.00733000
 1.00000000  -0.00962000
