FFA-W3-241_FFA-W3-211_blend_t22.6
       122   NumCoords         ! Number of coordinates including the reference point.
! x-y coordinate of airfoil reference
0.25        0
! coordinates of airfoil shape
 3.00000000  -241.00000000
 1.00000000   0.00261000
 0.98896000   0.00467000
 0.97005000   0.00817000
 0.94846000   0.01221000
 0.92461000   0.01680000
 0.89917000   0.02181000
 0.87269000   0.02716000
 0.84560000   0.03275000
 0.81813000   0.03850000
 0.79048000   0.04440000
 0.76264000   0.05042000
 0.73468000   0.05653000
 0.70668000   0.06266000
 0.67881000   0.06872000
 0.65114000   0.07467000
 0.62377000   0.08045000
 0.59672000   0.08599000
 0.56995000   0.09124000
 0.54340000   0.09621000
 0.51708000   0.10087000
 0.49106000   0.10517000
 0.46538000   0.10908000
 0.44005000   0.11255000
 0.41511000   0.11554000
 0.39059000   0.11803000
 0.36652000   0.11996000
 0.34294000   0.12130000
 0.31989000   0.12201000
 0.29729000   0.12204000
 0.27513000   0.12138000
 0.25340000   0.12003000
 0.23211000   0.11797000
 0.21128000   0.11523000
 0.19103000   0.11183000
 0.17147000   0.10781000
 0.15276000   0.10325000
 0.13506000   0.09820000
 0.11854000   0.09280000
 0.10334000   0.08717000
 0.08957000   0.08145000
 0.07725000   0.07575000
 0.06634000   0.07017000
 0.05674000   0.06478000
 0.04834000   0.05960000
 0.04098000   0.05464000
 0.03454000   0.04991000
 0.02889000   0.04539000
 0.02396000   0.04107000
 0.01964000   0.03691000
 0.01586000   0.03290000
 0.01255000   0.02902000
 0.00968000   0.02529000
 0.00724000   0.02166000
 0.00518000   0.01810000
 0.00349000   0.01460000
 0.00214000   0.01118000
 0.00110000   0.00788000
 0.00040000   0.00470000
 0.00004000   0.00161000
 0.00007000  -0.00148000
 0.00048000  -0.00460000
 0.00133000  -0.00775000
 0.00267000  -0.01089000
 0.00451000  -0.01400000
 0.00678000  -0.01710000
 0.00943000  -0.02021000
 0.01249000  -0.02335000
 0.01597000  -0.02653000
 0.01993000  -0.02981000
 0.02440000  -0.03319000
 0.02944000  -0.03671000
 0.03515000  -0.04040000
 0.04163000  -0.04428000
 0.04904000  -0.04839000
 0.05750000  -0.05274000
 0.06719000  -0.05736000
 0.07827000  -0.06222000
 0.09087000  -0.06727000
 0.10506000  -0.07243000
 0.12080000  -0.07758000
 0.13798000  -0.08256000
 0.15640000  -0.08723000
 0.17582000  -0.09146000
 0.19604000  -0.09515000
 0.21687000  -0.09822000
 0.23819000  -0.10065000
 0.25988000  -0.10242000
 0.28180000  -0.10352000
 0.30388000  -0.10393000
 0.32606000  -0.10364000
 0.34835000  -0.10264000
 0.37071000  -0.10094000
 0.39316000  -0.09854000
 0.41572000  -0.09543000
 0.43841000  -0.09162000
 0.46129000  -0.08710000
 0.48451000  -0.08184000
 0.50827000  -0.07586000
 0.53270000  -0.06921000
 0.55779000  -0.06199000
 0.58344000  -0.05435000
 0.60943000  -0.04650000
 0.63526000  -0.03875000
 0.66051000  -0.03139000
 0.68510000  -0.02459000
 0.70912000  -0.01842000
 0.73270000  -0.01290000
 0.75586000  -0.00806000
 0.77863000  -0.00394000
 0.80112000  -0.00056000
 0.82346000   0.00208000
 0.84565000   0.00403000
 0.86763000   0.00529000
 0.88928000   0.00585000
 0.91051000   0.00568000
 0.93130000   0.00478000
 0.95152000   0.00323000
 0.97091000   0.00118000
 0.98900000  -0.00104000
 1.00000000  -0.00246000
