FFA-W3-241_FFA-W3-211_blend_t21.8
       122   NumCoords         ! Number of coordinates including the reference point.
! x-y coordinate of airfoil reference
0.25        0
! coordinates of airfoil shape
 3.00000000  -241.00000000
 1.00000000   0.00196000
 0.98944000   0.00385000
 0.97123000   0.00706000
 0.95038000   0.01080000
 0.92734000   0.01510000
 0.90279000   0.01981000
 0.87732000   0.02482000
 0.85134000   0.03007000
 0.82503000   0.03548000
 0.79863000   0.04102000
 0.77208000   0.04670000
 0.74538000   0.05249000
 0.71855000   0.05835000
 0.69173000   0.06421000
 0.66506000   0.07000000
 0.63860000   0.07567000
 0.61244000   0.08116000
 0.58658000   0.08640000
 0.56091000   0.09139000
 0.53538000   0.09610000
 0.51008000   0.10053000
 0.48506000   0.10461000
 0.46032000   0.10831000
 0.43589000   0.11161000
 0.41181000   0.11444000
 0.38811000   0.11678000
 0.36480000   0.11858000
 0.34194000   0.11983000
 0.31957000   0.12044000
 0.29759000   0.12039000
 0.27594000   0.11966000
 0.25465000   0.11825000
 0.23367000   0.11614000
 0.21302000   0.11335000
 0.19278000   0.10989000
 0.17308000   0.10581000
 0.15406000   0.10114000
 0.13589000   0.09595000
 0.11878000   0.09035000
 0.10292000   0.08447000
 0.08849000   0.07848000
 0.07560000   0.07250000
 0.06425000   0.06668000
 0.05435000   0.06108000
 0.04578000   0.05576000
 0.03836000   0.05072000
 0.03196000   0.04596000
 0.02643000   0.04147000
 0.02164000   0.03721000
 0.01749000   0.03315000
 0.01389000   0.02926000
 0.01079000   0.02555000
 0.00815000   0.02197000
 0.00592000   0.01849000
 0.00407000   0.01508000
 0.00257000   0.01176000
 0.00140000   0.00856000
 0.00058000   0.00550000
 0.00011000   0.00253000
 0.00003000  -0.00042000
 0.00034000  -0.00339000
 0.00107000  -0.00640000
 0.00228000  -0.00941000
 0.00400000  -0.01238000
 0.00620000  -0.01532000
 0.00881000  -0.01826000
 0.01183000  -0.02122000
 0.01531000  -0.02424000
 0.01927000  -0.02735000
 0.02379000  -0.03058000
 0.02895000  -0.03397000
 0.03486000  -0.03755000
 0.04165000  -0.04135000
 0.04952000  -0.04541000
 0.05865000  -0.04975000
 0.06925000  -0.05439000
 0.08147000  -0.05931000
 0.09543000  -0.06440000
 0.11111000  -0.06956000
 0.12833000  -0.07462000
 0.14685000  -0.07941000
 0.16638000  -0.08379000
 0.18664000  -0.08767000
 0.20746000  -0.09096000
 0.22869000  -0.09364000
 0.25023000  -0.09569000
 0.27198000  -0.09711000
 0.29383000  -0.09788000
 0.31572000  -0.09800000
 0.33766000  -0.09745000
 0.35964000  -0.09624000
 0.38166000  -0.09436000
 0.40375000  -0.09182000
 0.42590000  -0.08862000
 0.44817000  -0.08476000
 0.47064000  -0.08021000
 0.49352000  -0.07497000
 0.51701000  -0.06906000
 0.54117000  -0.06259000
 0.56593000  -0.05568000
 0.59111000  -0.04847000
 0.61637000  -0.04121000
 0.64132000  -0.03417000
 0.66573000  -0.02754000
 0.68961000  -0.02142000
 0.71307000  -0.01586000
 0.73621000  -0.01087000
 0.75906000  -0.00648000
 0.78158000  -0.00272000
 0.80386000   0.00036000
 0.82600000   0.00279000
 0.84798000   0.00457000
 0.86976000   0.00570000
 0.89122000   0.00616000
 0.91229000   0.00594000
 0.93289000   0.00504000
 0.95286000   0.00353000
 0.97190000   0.00156000
 0.98946000  -0.00055000
 1.00000000  -0.00188000
