FFA-W3-270blend_FFA-W3-241_blend_t25.1
       170   NumCoords         ! Number of coordinates including the reference point.
! x-y coordinate of airfoil reference
0.25        0
! coordinates of airfoil shape
 3.00000000  -270.00000000
 1.00000000   0.00480000
 0.99116000   0.00664000
 0.97672000   0.00964000
 0.96081000   0.01294000
 0.94351000   0.01653000
 0.92497000   0.02040000
 0.90538000   0.02455000
 0.88493000   0.02895000
 0.86382000   0.03353000
 0.84223000   0.03827000
 0.82030000   0.04312000
 0.79818000   0.04804000
 0.77598000   0.05301000
 0.75375000   0.05799000
 0.73147000   0.06297000
 0.70917000   0.06793000
 0.68694000   0.07283000
 0.66483000   0.07765000
 0.64288000   0.08235000
 0.62111000   0.08692000
 0.59954000   0.09133000
 0.57817000   0.09557000
 0.55701000   0.09962000
 0.53606000   0.10347000
 0.51534000   0.10710000
 0.49486000   0.11050000
 0.47464000   0.11367000
 0.45470000   0.11656000
 0.43505000   0.11918000
 0.41569000   0.12150000
 0.39665000   0.12353000
 0.37795000   0.12524000
 0.35959000   0.12663000
 0.34160000   0.12768000
 0.32399000   0.12838000
 0.30675000   0.12872000
 0.28991000   0.12871000
 0.27348000   0.12833000
 0.25745000   0.12759000
 0.24185000   0.12650000
 0.22670000   0.12507000
 0.21202000   0.12332000
 0.19785000   0.12125000
 0.18421000   0.11889000
 0.17113000   0.11625000
 0.15862000   0.11338000
 0.14671000   0.11029000
 0.13541000   0.10702000
 0.12474000   0.10362000
 0.11469000   0.10010000
 0.10526000   0.09651000
 0.09644000   0.09287000
 0.08821000   0.08921000
 0.08055000   0.08553000
 0.07342000   0.08188000
 0.06679000   0.07825000
 0.06064000   0.07466000
 0.05494000   0.07111000
 0.04965000   0.06761000
 0.04475000   0.06416000
 0.04021000   0.06075000
 0.03600000   0.05739000
 0.03209000   0.05409000
 0.02845000   0.05087000
 0.02508000   0.04771000
 0.02198000   0.04459000
 0.01912000   0.04150000
 0.01650000   0.03845000
 0.01410000   0.03543000
 0.01190000   0.03245000
 0.00989000   0.02951000
 0.00806000   0.02661000
 0.00644000   0.02374000
 0.00502000   0.02089000
 0.00380000   0.01806000
 0.00276000   0.01526000
 0.00189000   0.01249000
 0.00120000   0.00976000
 0.00065000   0.00707000
 0.00027000   0.00445000
 0.00005000   0.00189000
-0.00000000  -0.00063000
 0.00013000  -0.00316000
 0.00045000  -0.00571000
 0.00101000  -0.00831000
 0.00183000  -0.01093000
 0.00290000  -0.01356000
 0.00419000  -0.01618000
 0.00567000  -0.01881000
 0.00734000  -0.02144000
 0.00919000  -0.02409000
 0.01125000  -0.02675000
 0.01350000  -0.02943000
 0.01596000  -0.03212000
 0.01864000  -0.03484000
 0.02153000  -0.03760000
 0.02464000  -0.04042000
 0.02798000  -0.04328000
 0.03159000  -0.04620000
 0.03547000  -0.04918000
 0.03965000  -0.05223000
 0.04414000  -0.05536000
 0.04899000  -0.05856000
 0.05421000  -0.06186000
 0.05983000  -0.06524000
 0.06588000  -0.06872000
 0.07241000  -0.07226000
 0.07945000  -0.07587000
 0.08703000  -0.07953000
 0.09518000  -0.08324000
 0.10393000  -0.08695000
 0.11328000  -0.09066000
 0.12327000  -0.09433000
 0.13387000  -0.09791000
 0.14509000  -0.10138000
 0.15690000  -0.10468000
 0.16927000  -0.10779000
 0.18218000  -0.11066000
 0.19558000  -0.11327000
 0.20944000  -0.11557000
 0.22370000  -0.11756000
 0.23835000  -0.11920000
 0.25333000  -0.12049000
 0.26859000  -0.12142000
 0.28410000  -0.12197000
 0.29983000  -0.12213000
 0.31575000  -0.12190000
 0.33184000  -0.12126000
 0.34808000  -0.12023000
 0.36445000  -0.11879000
 0.38095000  -0.11693000
 0.39759000  -0.11466000
 0.41436000  -0.11198000
 0.43128000  -0.10888000
 0.44836000  -0.10537000
 0.46562000  -0.10142000
 0.48311000  -0.09703000
 0.50088000  -0.09221000
 0.51897000  -0.08696000
 0.53742000  -0.08129000
 0.55625000  -0.07524000
 0.57546000  -0.06884000
 0.59498000  -0.06219000
 0.61466000  -0.05539000
 0.63427000  -0.04863000
 0.65356000  -0.04208000
 0.67242000  -0.03585000
 0.69080000  -0.03002000
 0.70874000  -0.02463000
 0.72627000  -0.01969000
 0.74343000  -0.01521000
 0.76025000  -0.01120000
 0.77679000  -0.00767000
 0.79312000  -0.00464000
 0.80932000  -0.00207000
 0.82541000   0.00006000
 0.84138000   0.00177000
 0.85723000   0.00308000
 0.87291000   0.00397000
 0.88841000   0.00445000
 0.90374000   0.00448000
 0.91890000   0.00408000
 0.93390000   0.00326000
 0.94870000   0.00205000
 0.96325000   0.00051000
 0.97747000  -0.00129000
 0.99121000  -0.00320000
 1.00000000  -0.00446000
