FFA-W3-270blend_FFA-W3-241_blend_t25.8
       170   NumCoords         ! Number of coordinates including the reference point.
! x-y coordinate of airfoil reference
0.25        0
! coordinates of airfoil shape
 3.00000000  -270.00000000
 1.00000000   0.00542000
 0.99089000   0.00736000
 0.97599000   0.01052000
 0.95958000   0.01399000
 0.94174000   0.01775000
 0.92266000   0.02182000
 0.90253000   0.02618000
 0.88155000   0.03078000
 0.85992000   0.03558000
 0.83783000   0.04053000
 0.81546000   0.04556000
 0.79301000   0.05065000
 0.77061000   0.05574000
 0.74822000   0.06082000
 0.72576000   0.06590000
 0.70329000   0.07094000
 0.68090000   0.07591000
 0.65867000   0.08077000
 0.63660000   0.08551000
 0.61469000   0.09011000
 0.59298000   0.09455000
 0.57142000   0.09881000
 0.55003000   0.10288000
 0.52885000   0.10674000
 0.50791000   0.11038000
 0.48723000   0.11378000
 0.46685000   0.11692000
 0.44676000   0.11977000
 0.42700000   0.12233000
 0.40756000   0.12459000
 0.38848000   0.12654000
 0.36976000   0.12816000
 0.35143000   0.12944000
 0.33350000   0.13037000
 0.31598000   0.13095000
 0.29889000   0.13118000
 0.28222000   0.13104000
 0.26599000   0.13054000
 0.25022000   0.12968000
 0.23490000   0.12848000
 0.22006000   0.12695000
 0.20574000   0.12510000
 0.19195000   0.12295000
 0.17871000   0.12051000
 0.16602000   0.11780000
 0.15391000   0.11488000
 0.14239000   0.11174000
 0.13148000   0.10843000
 0.12116000   0.10499000
 0.11145000   0.10144000
 0.10233000   0.09782000
 0.09380000   0.09414000
 0.08582000   0.09044000
 0.07838000   0.08673000
 0.07145000   0.08303000
 0.06500000   0.07935000
 0.05901000   0.07570000
 0.05345000   0.07209000
 0.04828000   0.06853000
 0.04349000   0.06500000
 0.03905000   0.06151000
 0.03494000   0.05806000
 0.03110000   0.05469000
 0.02752000   0.05140000
 0.02421000   0.04817000
 0.02116000   0.04497000
 0.01836000   0.04181000
 0.01578000   0.03868000
 0.01343000   0.03560000
 0.01128000   0.03255000
 0.00932000   0.02954000
 0.00755000   0.02657000
 0.00598000   0.02362000
 0.00461000   0.02070000
 0.00345000   0.01781000
 0.00246000   0.01494000
 0.00165000   0.01211000
 0.00100000   0.00932000
 0.00052000   0.00658000
 0.00019000   0.00390000
 0.00002000   0.00129000
 0.00002000  -0.00130000
 0.00019000  -0.00391000
 0.00058000  -0.00655000
 0.00120000  -0.00923000
 0.00208000  -0.01193000
 0.00319000  -0.01464000
 0.00451000  -0.01736000
 0.00602000  -0.02009000
 0.00772000  -0.02283000
 0.00961000  -0.02559000
 0.01169000  -0.02838000
 0.01399000  -0.03118000
 0.01649000  -0.03399000
 0.01922000  -0.03685000
 0.02216000  -0.03976000
 0.02532000  -0.04272000
 0.02873000  -0.04573000
 0.03241000  -0.04881000
 0.03637000  -0.05195000
 0.04063000  -0.05516000
 0.04523000  -0.05845000
 0.05017000  -0.06182000
 0.05549000  -0.06530000
 0.06121000  -0.06886000
 0.06737000  -0.07251000
 0.07400000  -0.07621000
 0.08113000  -0.07997000
 0.08880000  -0.08377000
 0.09702000  -0.08760000
 0.10582000  -0.09142000
 0.11521000  -0.09522000
 0.12519000  -0.09896000
 0.13576000  -0.10259000
 0.14691000  -0.10609000
 0.15863000  -0.10941000
 0.17088000  -0.11252000
 0.18364000  -0.11539000
 0.19687000  -0.11798000
 0.21055000  -0.12026000
 0.22463000  -0.12222000
 0.23908000  -0.12384000
 0.25387000  -0.12510000
 0.26896000  -0.12599000
 0.28431000  -0.12652000
 0.29988000  -0.12664000
 0.31567000  -0.12638000
 0.33163000  -0.12570000
 0.34777000  -0.12463000
 0.36405000  -0.12315000
 0.38048000  -0.12125000
 0.39706000  -0.11893000
 0.41379000  -0.11620000
 0.43069000  -0.11305000
 0.44775000  -0.10946000
 0.46502000  -0.10545000
 0.48253000  -0.10098000
 0.50032000  -0.09607000
 0.51844000  -0.09072000
 0.53695000  -0.08493000
 0.55585000  -0.07874000
 0.57515000  -0.07218000
 0.59477000  -0.06533000
 0.61457000  -0.05833000
 0.63430000  -0.05135000
 0.65374000  -0.04457000
 0.67273000  -0.03811000
 0.69122000  -0.03207000
 0.70922000  -0.02649000
 0.72679000  -0.02138000
 0.74394000  -0.01674000
 0.76072000  -0.01259000
 0.77719000  -0.00892000
 0.79344000  -0.00577000
 0.80952000  -0.00310000
 0.82549000  -0.00086000
 0.84133000   0.00094000
 0.85703000   0.00234000
 0.87258000   0.00332000
 0.88796000   0.00388000
 0.90317000   0.00398000
 0.91824000   0.00364000
 0.93319000   0.00287000
 0.94799000   0.00170000
 0.96260000   0.00016000
 0.97697000  -0.00168000
 0.99096000  -0.00371000
 1.00000000  -0.00507000
