FFA-W3-301_FFA-W3-270blend_blend_t27.5
       170   NumCoords         ! Number of coordinates including the reference point.
! x-y coordinate of airfoil reference
0.25        0
! coordinates of airfoil shape
 3.00000000  -301.00000000
 1.00000000   0.00703000
 0.99037000   0.00919000
 0.97452000   0.01271000
 0.95699000   0.01658000
 0.93789000   0.02081000
 0.91746000   0.02539000
 0.89586000   0.03032000
 0.87330000   0.03553000
 0.85001000   0.04097000
 0.82614000   0.04658000
 0.80190000   0.05230000
 0.77748000   0.05806000
 0.75303000   0.06382000
 0.72871000   0.06951000
 0.70458000   0.07510000
 0.68067000   0.08056000
 0.65697000   0.08587000
 0.63352000   0.09102000
 0.61035000   0.09598000
 0.58744000   0.10073000
 0.56480000   0.10527000
 0.54245000   0.10958000
 0.52043000   0.11364000
 0.49873000   0.11744000
 0.47742000   0.12096000
 0.45652000   0.12417000
 0.43599000   0.12706000
 0.41586000   0.12963000
 0.39614000   0.13187000
 0.37687000   0.13376000
 0.35805000   0.13530000
 0.33970000   0.13649000
 0.32185000   0.13731000
 0.30449000   0.13777000
 0.28766000   0.13787000
 0.27134000   0.13760000
 0.25554000   0.13698000
 0.24025000   0.13600000
 0.22549000   0.13470000
 0.21129000   0.13309000
 0.19766000   0.13116000
 0.18458000   0.12893000
 0.17203000   0.12643000
 0.16005000   0.12369000
 0.14862000   0.12072000
 0.13776000   0.11754000
 0.12744000   0.11420000
 0.11767000   0.11071000
 0.10845000   0.10712000
 0.09977000   0.10343000
 0.09161000   0.09968000
 0.08395000   0.09589000
 0.07679000   0.09207000
 0.07008000   0.08824000
 0.06382000   0.08443000
 0.05798000   0.08063000
 0.05255000   0.07685000
 0.04750000   0.07309000
 0.04280000   0.06936000
 0.03843000   0.06566000
 0.03435000   0.06202000
 0.03056000   0.05844000
 0.02705000   0.05492000
 0.02379000   0.05145000
 0.02078000   0.04803000
 0.01800000   0.04466000
 0.01545000   0.04133000
 0.01311000   0.03805000
 0.01098000   0.03482000
 0.00906000   0.03162000
 0.00734000   0.02846000
 0.00582000   0.02533000
 0.00449000   0.02222000
 0.00335000   0.01915000
 0.00238000   0.01611000
 0.00158000   0.01312000
 0.00094000   0.01018000
 0.00047000   0.00730000
 0.00016000   0.00449000
 0.00001000   0.00171000
 0.00001000  -0.00105000
 0.00018000  -0.00382000
 0.00054000  -0.00661000
 0.00108000  -0.00945000
 0.00183000  -0.01233000
 0.00280000  -0.01525000
 0.00400000  -0.01819000
 0.00540000  -0.02116000
 0.00700000  -0.02416000
 0.00877000  -0.02718000
 0.01074000  -0.03023000
 0.01290000  -0.03332000
 0.01528000  -0.03644000
 0.01787000  -0.03961000
 0.02069000  -0.04283000
 0.02375000  -0.04609000
 0.02706000  -0.04942000
 0.03063000  -0.05281000
 0.03448000  -0.05627000
 0.03863000  -0.05980000
 0.04309000  -0.06341000
 0.04790000  -0.06711000
 0.05307000  -0.07090000
 0.05860000  -0.07477000
 0.06454000  -0.07872000
 0.07091000  -0.08271000
 0.07773000  -0.08673000
 0.08505000  -0.09077000
 0.09287000  -0.09483000
 0.10120000  -0.09887000
 0.11005000  -0.10287000
 0.11943000  -0.10679000
 0.12933000  -0.11061000
 0.13976000  -0.11429000
 0.15071000  -0.11780000
 0.16216000  -0.12111000
 0.17407000  -0.12418000
 0.18645000  -0.12699000
 0.19927000  -0.12950000
 0.21252000  -0.13172000
 0.22617000  -0.13360000
 0.24018000  -0.13515000
 0.25454000  -0.13633000
 0.26923000  -0.13715000
 0.28420000  -0.13759000
 0.29943000  -0.13764000
 0.31490000  -0.13730000
 0.33060000  -0.13654000
 0.34650000  -0.13539000
 0.36258000  -0.13382000
 0.37883000  -0.13182000
 0.39528000  -0.12940000
 0.41191000  -0.12655000
 0.42874000  -0.12327000
 0.44579000  -0.11954000
 0.46307000  -0.11536000
 0.48061000  -0.11073000
 0.49847000  -0.10563000
 0.51670000  -0.10004000
 0.53538000  -0.09396000
 0.55456000  -0.08740000
 0.57425000  -0.08040000
 0.59445000  -0.07299000
 0.61507000  -0.06531000
 0.63570000  -0.05761000
 0.65590000  -0.05015000
 0.67544000  -0.04310000
 0.69430000  -0.03655000
 0.71253000  -0.03053000
 0.73020000  -0.02504000
 0.74738000  -0.02007000
 0.76407000  -0.01563000
 0.78033000  -0.01173000
 0.79630000  -0.00836000
 0.81211000  -0.00547000
 0.82779000  -0.00303000
 0.84330000  -0.00102000
 0.85863000   0.00056000
 0.87377000   0.00171000
 0.88872000   0.00241000
 0.90352000   0.00265000
 0.91821000   0.00243000
 0.93283000   0.00177000
 0.94740000   0.00069000
 0.96186000  -0.00081000
 0.97624000  -0.00274000
 0.99056000  -0.00500000
 1.00000000  -0.00663000
