FFA-W3-301_FFA-W3-270blend_blend_t27.8
       170   NumCoords         ! Number of coordinates including the reference point.
! x-y coordinate of airfoil reference
0.25        0
! coordinates of airfoil shape
 3.00000000  -301.00000000
 1.00000000   0.00723000
 0.99028000   0.00942000
 0.97428000   0.01299000
 0.95657000   0.01693000
 0.93728000   0.02122000
 0.91664000   0.02587000
 0.89483000   0.03088000
 0.87205000   0.03618000
 0.84855000   0.04170000
 0.82445000   0.04740000
 0.79999000   0.05320000
 0.77537000   0.05905000
 0.75075000   0.06487000
 0.72627000   0.07063000
 0.70199000   0.07627000
 0.67794000   0.08177000
 0.65412000   0.08712000
 0.63055000   0.09230000
 0.60726000   0.09728000
 0.58425000   0.10206000
 0.56151000   0.10662000
 0.53908000   0.11094000
 0.51698000   0.11500000
 0.49524000   0.11880000
 0.47390000   0.12230000
 0.45297000   0.12549000
 0.43244000   0.12836000
 0.41231000   0.13090000
 0.39262000   0.13310000
 0.37338000   0.13495000
 0.35461000   0.13645000
 0.33634000   0.13759000
 0.31856000   0.13836000
 0.30130000   0.13877000
 0.28458000   0.13881000
 0.26838000   0.13849000
 0.25271000   0.13781000
 0.23755000   0.13679000
 0.22294000   0.13545000
 0.20889000   0.13379000
 0.19542000   0.13182000
 0.18248000   0.12955000
 0.17008000   0.12702000
 0.15824000   0.12424000
 0.14696000   0.12124000
 0.13623000   0.11805000
 0.12604000   0.11468000
 0.11639000   0.11118000
 0.10728000   0.10756000
 0.09870000   0.10386000
 0.09063000   0.10009000
 0.08306000   0.09628000
 0.07596000   0.09245000
 0.06933000   0.08860000
 0.06313000   0.08477000
 0.05734000   0.08095000
 0.05196000   0.07715000
 0.04695000   0.07337000
 0.04230000   0.06962000
 0.03796000   0.06590000
 0.03392000   0.06224000
 0.03016000   0.05863000
 0.02667000   0.05508000
 0.02344000   0.05159000
 0.02045000   0.04814000
 0.01770000   0.04474000
 0.01518000   0.04138000
 0.01286000   0.03807000
 0.01076000   0.03481000
 0.00886000   0.03158000
 0.00716000   0.02839000
 0.00566000   0.02523000
 0.00436000   0.02210000
 0.00323000   0.01900000
 0.00228000   0.01594000
 0.00150000   0.01293000
 0.00089000   0.00997000
 0.00043000   0.00707000
 0.00014000   0.00423000
-0.00000000   0.00143000
 0.00002000  -0.00135000
 0.00021000  -0.00415000
 0.00058000  -0.00697000
 0.00113000  -0.00984000
 0.00190000  -0.01275000
 0.00289000  -0.01571000
 0.00409000  -0.01869000
 0.00550000  -0.02169000
 0.00710000  -0.02473000
 0.00888000  -0.02779000
 0.01085000  -0.03088000
 0.01303000  -0.03401000
 0.01541000  -0.03718000
 0.01802000  -0.04039000
 0.02085000  -0.04365000
 0.02393000  -0.04696000
 0.02725000  -0.05033000
 0.03084000  -0.05376000
 0.03470000  -0.05727000
 0.03887000  -0.06085000
 0.04335000  -0.06450000
 0.04818000  -0.06824000
 0.05336000  -0.07207000
 0.05891000  -0.07597000
 0.06487000  -0.07994000
 0.07125000  -0.08396000
 0.07809000  -0.08800000
 0.08541000  -0.09206000
 0.09323000  -0.09613000
 0.10156000  -0.10019000
 0.11040000  -0.10419000
 0.11977000  -0.10811000
 0.12965000  -0.11193000
 0.14005000  -0.11560000
 0.15096000  -0.11910000
 0.16236000  -0.12240000
 0.17424000  -0.12546000
 0.18656000  -0.12826000
 0.19933000  -0.13076000
 0.21253000  -0.13296000
 0.22612000  -0.13484000
 0.24008000  -0.13638000
 0.25439000  -0.13756000
 0.26903000  -0.13837000
 0.28395000  -0.13881000
 0.29914000  -0.13886000
 0.31457000  -0.13850000
 0.33023000  -0.13775000
 0.34610000  -0.13659000
 0.36216000  -0.13501000
 0.37839000  -0.13302000
 0.39482000  -0.13059000
 0.41145000  -0.12773000
 0.42827000  -0.12444000
 0.44532000  -0.12070000
 0.46260000  -0.11651000
 0.48016000  -0.11187000
 0.49803000  -0.10674000
 0.51628000  -0.10113000
 0.53500000  -0.09502000
 0.55422000  -0.08843000
 0.57396000  -0.08139000
 0.59424000  -0.07393000
 0.61494000  -0.06618000
 0.63566000  -0.05841000
 0.65595000  -0.05088000
 0.67557000  -0.04376000
 0.69449000  -0.03715000
 0.71277000  -0.03108000
 0.73048000  -0.02555000
 0.74767000  -0.02054000
 0.76437000  -0.01606000
 0.78063000  -0.01212000
 0.79660000  -0.00872000
 0.81239000  -0.00580000
 0.82804000  -0.00333000
 0.84352000  -0.00129000
 0.85880000   0.00031000
 0.87389000   0.00148000
 0.88879000   0.00221000
 0.90354000   0.00247000
 0.91818000   0.00228000
 0.93277000   0.00163000
 0.94730000   0.00057000
 0.96174000  -0.00092000
 0.97612000  -0.00286000
 0.99050000  -0.00515000
 1.00000000  -0.00683000
