FFA-W3-330blend_FFA-W3-301_blend_t31.3
       170   NumCoords         ! Number of coordinates including the reference point.
! x-y coordinate of airfoil reference
0.25        0
! coordinates of airfoil shape
 3.00000000  -330.00000000
 1.00000000   0.01057000
 0.98889000   0.01331000
 0.97052000   0.01780000
 0.95009000   0.02273000
 0.92785000   0.02814000
 0.90413000   0.03403000
 0.87917000   0.04032000
 0.85336000   0.04690000
 0.82698000   0.05367000
 0.80014000   0.06057000
 0.77304000   0.06752000
 0.74584000   0.07445000
 0.71876000   0.08130000
 0.69191000   0.08797000
 0.66534000   0.09447000
 0.63910000   0.10074000
 0.61320000   0.10677000
 0.58768000   0.11255000
 0.56259000   0.11805000
 0.53798000   0.12324000
 0.51390000   0.12811000
 0.49041000   0.13263000
 0.46756000   0.13677000
 0.44535000   0.14051000
 0.42376000   0.14384000
 0.40282000   0.14676000
 0.38252000   0.14928000
 0.36289000   0.15138000
 0.34392000   0.15306000
 0.32562000   0.15434000
 0.30800000   0.15522000
 0.29106000   0.15572000
 0.27481000   0.15583000
 0.25922000   0.15557000
 0.24427000   0.15495000
 0.22994000   0.15399000
 0.21623000   0.15272000
 0.20311000   0.15113000
 0.19057000   0.14924000
 0.17856000   0.14707000
 0.16708000   0.14463000
 0.15611000   0.14193000
 0.14563000   0.13901000
 0.13562000   0.13589000
 0.12609000   0.13259000
 0.11702000   0.12911000
 0.10840000   0.12548000
 0.10021000   0.12172000
 0.09245000   0.11786000
 0.08511000   0.11389000
 0.07816000   0.10985000
 0.07161000   0.10574000
 0.06544000   0.10159000
 0.05963000   0.09740000
 0.05418000   0.09320000
 0.04906000   0.08898000
 0.04427000   0.08476000
 0.03979000   0.08056000
 0.03562000   0.07636000
 0.03173000   0.07219000
 0.02812000   0.06805000
 0.02477000   0.06394000
 0.02167000   0.05986000
 0.01882000   0.05583000
 0.01620000   0.05183000
 0.01381000   0.04788000
 0.01163000   0.04398000
 0.00967000   0.04012000
 0.00792000   0.03630000
 0.00639000   0.03252000
 0.00505000   0.02878000
 0.00389000   0.02510000
 0.00290000   0.02147000
 0.00206000   0.01791000
 0.00135000   0.01440000
 0.00079000   0.01096000
 0.00037000   0.00760000
 0.00011000   0.00432000
-0.00000000   0.00111000
 0.00004000  -0.00208000
 0.00023000  -0.00531000
 0.00060000  -0.00863000
 0.00112000  -0.01201000
 0.00181000  -0.01546000
 0.00265000  -0.01896000
 0.00366000  -0.02251000
 0.00485000  -0.02611000
 0.00623000  -0.02975000
 0.00782000  -0.03344000
 0.00961000  -0.03717000
 0.01161000  -0.04094000
 0.01384000  -0.04475000
 0.01629000  -0.04861000
 0.01897000  -0.05251000
 0.02189000  -0.05647000
 0.02504000  -0.06047000
 0.02845000  -0.06452000
 0.03213000  -0.06861000
 0.03609000  -0.07275000
 0.04035000  -0.07691000
 0.04493000  -0.08112000
 0.04983000  -0.08535000
 0.05507000  -0.08960000
 0.06067000  -0.09386000
 0.06664000  -0.09814000
 0.07300000  -0.10240000
 0.07975000  -0.10664000
 0.08693000  -0.11084000
 0.09452000  -0.11498000
 0.10256000  -0.11904000
 0.11105000  -0.12301000
 0.11998000  -0.12687000
 0.12938000  -0.13059000
 0.13924000  -0.13415000
 0.14956000  -0.13754000
 0.16032000  -0.14072000
 0.17154000  -0.14367000
 0.18321000  -0.14637000
 0.19532000  -0.14881000
 0.20785000  -0.15096000
 0.22079000  -0.15280000
 0.23411000  -0.15432000
 0.24782000  -0.15549000
 0.26188000  -0.15631000
 0.27628000  -0.15676000
 0.29100000  -0.15682000
 0.30602000  -0.15648000
 0.32133000  -0.15574000
 0.33692000  -0.15459000
 0.35276000  -0.15301000
 0.36886000  -0.15100000
 0.38520000  -0.14854000
 0.40181000  -0.14562000
 0.41868000  -0.14225000
 0.43583000  -0.13839000
 0.45331000  -0.13403000
 0.47116000  -0.12916000
 0.48944000  -0.12375000
 0.50822000  -0.11779000
 0.52757000  -0.11125000
 0.54755000  -0.10412000
 0.56824000  -0.09639000
 0.58969000  -0.08809000
 0.61180000  -0.07932000
 0.63421000  -0.07035000
 0.65626000  -0.06155000
 0.67746000  -0.05324000
 0.69765000  -0.04557000
 0.71687000  -0.03860000
 0.73524000  -0.03231000
 0.75285000  -0.02666000
 0.76979000  -0.02162000
 0.78617000  -0.01719000
 0.80212000  -0.01334000
 0.81771000  -0.00999000
 0.83296000  -0.00714000
 0.84790000  -0.00476000
 0.86254000  -0.00285000
 0.87693000  -0.00142000
 0.89112000  -0.00045000
 0.90516000   0.00005000
 0.91910000   0.00008000
 0.93298000  -0.00035000
 0.94686000  -0.00123000
 0.96078000  -0.00262000
 0.97491000  -0.00470000
 0.98962000  -0.00758000
 1.00000000  -0.00997000
