SNL-FFA-W3-480FB_SNL-FFA-W3-420FB_blend_t43.1
       302   NumCoords         ! Number of coordinates including the reference point.
! x-y coordinate of airfoil reference
0.25        0
! coordinates of airfoil shape
 3.00000000  -480.00000000
 1.00000000   0.05292000
 0.99242000   0.05621000
 0.98120000   0.06094000
 0.97005000   0.06534000
 0.95881000   0.06951000
 0.94752000   0.07370000
 0.93627000   0.07777000
 0.92513000   0.08172000
 0.91417000   0.08565000
 0.90343000   0.08940000
 0.89284000   0.09314000
 0.88222000   0.09678000
 0.87171000   0.10043000
 0.86129000   0.10398000
 0.85100000   0.10744000
 0.84082000   0.11092000
 0.83056000   0.11430000
 0.82020000   0.11766000
 0.80975000   0.12107000
 0.79917000   0.12448000
 0.78850000   0.12784000
 0.77764000   0.13129000
 0.76641000   0.13474000
 0.75477000   0.13830000
 0.74271000   0.14196000
 0.73025000   0.14564000
 0.71757000   0.14933000
 0.70482000   0.15297000
 0.69218000   0.15658000
 0.67971000   0.16004000
 0.66743000   0.16337000
 0.65504000   0.16667000
 0.64245000   0.16994000
 0.62983000   0.17320000
 0.61723000   0.17633000
 0.60475000   0.17934000
 0.59235000   0.18227000
 0.58002000   0.18513000
 0.56782000   0.18788000
 0.55572000   0.19046000
 0.54375000   0.19302000
 0.53191000   0.19538000
 0.52011000   0.19771000
 0.50827000   0.19994000
 0.49639000   0.20203000
 0.48460000   0.20404000
 0.47295000   0.20583000
 0.46130000   0.20758000
 0.44970000   0.20918000
 0.43821000   0.21066000
 0.42695000   0.21204000
 0.41594000   0.21318000
 0.40510000   0.21423000
 0.39454000   0.21514000
 0.38420000   0.21589000
 0.37394000   0.21651000
 0.36367000   0.21711000
 0.35335000   0.21745000
 0.34297000   0.21771000
 0.33266000   0.21790000
 0.32247000   0.21792000
 0.31241000   0.21776000
 0.30247000   0.21749000
 0.29273000   0.21707000
 0.28311000   0.21648000
 0.27367000   0.21582000
 0.26444000   0.21501000
 0.25540000   0.21406000
 0.24659000   0.21301000
 0.23798000   0.21178000
 0.22958000   0.21049000
 0.22142000   0.20911000
 0.21351000   0.20765000
 0.20585000   0.20607000
 0.19843000   0.20441000
 0.19125000   0.20264000
 0.18427000   0.20081000
 0.17748000   0.19890000
 0.17088000   0.19691000
 0.16448000   0.19486000
 0.15827000   0.19273000
 0.15225000   0.19058000
 0.14640000   0.18834000
 0.14069000   0.18602000
 0.13512000   0.18365000
 0.12968000   0.18122000
 0.12439000   0.17875000
 0.11926000   0.17621000
 0.11428000   0.17363000
 0.10945000   0.17102000
 0.10475000   0.16839000
 0.10019000   0.16570000
 0.09575000   0.16296000
 0.09142000   0.16018000
 0.08721000   0.15738000
 0.08311000   0.15454000
 0.07913000   0.15165000
 0.07530000   0.14867000
 0.07157000   0.14566000
 0.06792000   0.14263000
 0.06435000   0.13955000
 0.06089000   0.13641000
 0.05754000   0.13322000
 0.05429000   0.12999000
 0.05115000   0.12672000
 0.04809000   0.12344000
 0.04514000   0.12013000
 0.04231000   0.11678000
 0.03960000   0.11341000
 0.03696000   0.11004000
 0.03446000   0.10664000
 0.03205000   0.10324000
 0.02974000   0.09983000
 0.02754000   0.09642000
 0.02544000   0.09301000
 0.02346000   0.08960000
 0.02158000   0.08620000
 0.01980000   0.08279000
 0.01809000   0.07942000
 0.01649000   0.07606000
 0.01498000   0.07273000
 0.01356000   0.06941000
 0.01224000   0.06612000
 0.01096000   0.06288000
 0.00977000   0.05967000
 0.00865000   0.05649000
 0.00764000   0.05335000
 0.00673000   0.05024000
 0.00592000   0.04715000
 0.00521000   0.04409000
 0.00460000   0.04106000
 0.00408000   0.03807000
 0.00363000   0.03510000
 0.00321000   0.03217000
 0.00281000   0.02929000
 0.00245000   0.02646000
 0.00210000   0.02367000
 0.00174000   0.02093000
 0.00138000   0.01825000
 0.00106000   0.01562000
 0.00076000   0.01303000
 0.00048000   0.01051000
 0.00027000   0.00802000
 0.00012000   0.00558000
-0.00001000   0.00319000
-0.00006000   0.00083000
-0.00005000  -0.00152000
 0.00000000  -0.00389000
 0.00013000  -0.00630000
 0.00027000  -0.00875000
 0.00042000  -0.01125000
 0.00062000  -0.01379000
 0.00084000  -0.01638000
 0.00107000  -0.01902000
 0.00134000  -0.02170000
 0.00163000  -0.02443000
 0.00196000  -0.02719000
 0.00233000  -0.02999000
 0.00278000  -0.03281000
 0.00329000  -0.03568000
 0.00386000  -0.03857000
 0.00453000  -0.04148000
 0.00527000  -0.04443000
 0.00610000  -0.04739000
 0.00701000  -0.05039000
 0.00797000  -0.05341000
 0.00904000  -0.05645000
 0.01018000  -0.05951000
 0.01141000  -0.06258000
 0.01274000  -0.06567000
 0.01413000  -0.06878000
 0.01562000  -0.07190000
 0.01718000  -0.07503000
 0.01883000  -0.07816000
 0.02059000  -0.08129000
 0.02241000  -0.08445000
 0.02436000  -0.08758000
 0.02640000  -0.09074000
 0.02856000  -0.09389000
 0.03080000  -0.09705000
 0.03318000  -0.10019000
 0.03568000  -0.10333000
 0.03828000  -0.10647000
 0.04100000  -0.10961000
 0.04382000  -0.11276000
 0.04676000  -0.11590000
 0.04986000  -0.11900000
 0.05310000  -0.12212000
 0.05648000  -0.12522000
 0.05999000  -0.12833000
 0.06363000  -0.13143000
 0.06740000  -0.13454000
 0.07131000  -0.13762000
 0.07539000  -0.14066000
 0.07962000  -0.14367000
 0.08400000  -0.14665000
 0.08853000  -0.14963000
 0.09321000  -0.15256000
 0.09806000  -0.15543000
 0.10305000  -0.15828000
 0.10820000  -0.16111000
 0.11354000  -0.16388000
 0.11906000  -0.16664000
 0.12476000  -0.16936000
 0.13063000  -0.17206000
 0.13670000  -0.17468000
 0.14296000  -0.17725000
 0.14940000  -0.17976000
 0.15603000  -0.18221000
 0.16284000  -0.18462000
 0.16980000  -0.18697000
 0.17693000  -0.18919000
 0.18423000  -0.19134000
 0.19163000  -0.19344000
 0.19916000  -0.19540000
 0.20681000  -0.19725000
 0.21455000  -0.19900000
 0.22237000  -0.20063000
 0.23023000  -0.20216000
 0.23815000  -0.20356000
 0.24609000  -0.20488000
 0.25406000  -0.20605000
 0.26208000  -0.20712000
 0.27016000  -0.20801000
 0.27827000  -0.20889000
 0.28644000  -0.20963000
 0.29468000  -0.21019000
 0.30301000  -0.21067000
 0.31144000  -0.21108000
 0.31998000  -0.21135000
 0.32867000  -0.21149000
 0.33750000  -0.21155000
 0.34643000  -0.21144000
 0.35548000  -0.21116000
 0.36461000  -0.21082000
 0.37370000  -0.21037000
 0.38281000  -0.20978000
 0.39200000  -0.20902000
 0.40128000  -0.20814000
 0.41067000  -0.20711000
 0.42011000  -0.20594000
 0.42957000  -0.20464000
 0.43898000  -0.20326000
 0.44833000  -0.20167000
 0.45766000  -0.20009000
 0.46695000  -0.19828000
 0.47628000  -0.19635000
 0.48553000  -0.19443000
 0.49456000  -0.19243000
 0.50341000  -0.19033000
 0.51206000  -0.18812000
 0.52055000  -0.18600000
 0.52885000  -0.18380000
 0.53707000  -0.18142000
 0.54529000  -0.17917000
 0.55355000  -0.17670000
 0.56196000  -0.17409000
 0.57063000  -0.17143000
 0.57952000  -0.16859000
 0.58862000  -0.16552000
 0.59798000  -0.16236000
 0.60750000  -0.15908000
 0.61708000  -0.15566000
 0.62668000  -0.15212000
 0.63637000  -0.14852000
 0.64618000  -0.14482000
 0.65615000  -0.14095000
 0.66635000  -0.13700000
 0.67675000  -0.13281000
 0.68746000  -0.12852000
 0.69840000  -0.12415000
 0.70967000  -0.11956000
 0.72136000  -0.11485000
 0.73329000  -0.10999000
 0.74535000  -0.10513000
 0.75748000  -0.10038000
 0.76965000  -0.09567000
 0.78174000  -0.09108000
 0.79361000  -0.08666000
 0.80522000  -0.08249000
 0.81656000  -0.07861000
 0.82767000  -0.07495000
 0.83849000  -0.07151000
 0.84898000  -0.06835000
 0.85922000  -0.06546000
 0.86923000  -0.06281000
 0.87898000  -0.06041000
 0.88857000  -0.05826000
 0.89800000  -0.05635000
 0.90730000  -0.05467000
 0.91650000  -0.05320000
 0.92563000  -0.05199000
 0.93476000  -0.05099000
 0.94384000  -0.05016000
 0.95295000  -0.04961000
 0.96216000  -0.04932000
 0.97159000  -0.04945000
 0.98149000  -0.04998000
 0.99217000  -0.05097000
 1.00000000  -0.05197000
