SNL-FFA-W3-420FB_FFA-W3-360_blend_t36.9
       142   NumCoords         ! Number of coordinates including the reference point.
! x-y coordinate of airfoil reference
0.25        0
! coordinates of airfoil shape
 3.00000000  -420.00000000
 1.00000000   0.01996000
 0.98384000   0.02501000
 0.95677000   0.03314000
 0.92617000   0.04206000
 0.89273000   0.05183000
 0.85708000   0.06228000
 0.81997000   0.07314000
 0.78229000   0.08411000
 0.74461000   0.09497000
 0.70683000   0.10569000
 0.66952000   0.11608000
 0.63295000   0.12602000
 0.59738000   0.13539000
 0.56303000   0.14410000
 0.53008000   0.15206000
 0.49864000   0.15922000
 0.46870000   0.16555000
 0.44019000   0.17105000
 0.41312000   0.17574000
 0.38740000   0.17962000
 0.36299000   0.18274000
 0.33981000   0.18514000
 0.31789000   0.18683000
 0.29714000   0.18786000
 0.27750000   0.18829000
 0.25896000   0.18815000
 0.24145000   0.18746000
 0.22493000   0.18629000
 0.20934000   0.18467000
 0.19463000   0.18260000
 0.18072000   0.18013000
 0.16756000   0.17728000
 0.15510000   0.17408000
 0.14330000   0.17054000
 0.13212000   0.16671000
 0.12154000   0.16260000
 0.11152000   0.15826000
 0.10207000   0.15370000
 0.09316000   0.14893000
 0.08477000   0.14397000
 0.07687000   0.13882000
 0.06945000   0.13352000
 0.06251000   0.12808000
 0.05601000   0.12250000
 0.04994000   0.11682000
 0.04430000   0.11103000
 0.03906000   0.10518000
 0.03422000   0.09927000
 0.02976000   0.09333000
 0.02568000   0.08737000
 0.02196000   0.08140000
 0.01860000   0.07545000
 0.01558000   0.06953000
 0.01285000   0.06365000
 0.01039000   0.05786000
 0.00824000   0.05217000
 0.00641000   0.04656000
 0.00495000   0.04102000
 0.00384000   0.03554000
 0.00299000   0.03013000
 0.00229000   0.02482000
 0.00162000   0.01965000
 0.00095000   0.01466000
 0.00040000   0.00983000
 0.00009000   0.00510000
 0.00004000   0.00043000
 0.00024000  -0.00426000
 0.00064000  -0.00907000
 0.00119000  -0.01405000
 0.00179000  -0.01920000
 0.00251000  -0.02447000
 0.00340000  -0.02981000
 0.00456000  -0.03520000
 0.00607000  -0.04064000
 0.00793000  -0.04613000
 0.01011000  -0.05168000
 0.01258000  -0.05730000
 0.01534000  -0.06297000
 0.01842000  -0.06866000
 0.02183000  -0.07436000
 0.02562000  -0.08004000
 0.02980000  -0.08570000
 0.03438000  -0.09132000
 0.03938000  -0.09690000
 0.04480000  -0.10245000
 0.05064000  -0.10795000
 0.05694000  -0.11339000
 0.06371000  -0.11874000
 0.07100000  -0.12399000
 0.07880000  -0.12914000
 0.08716000  -0.13417000
 0.09610000  -0.13907000
 0.10565000  -0.14383000
 0.11584000  -0.14843000
 0.12668000  -0.15288000
 0.13818000  -0.15712000
 0.15036000  -0.16111000
 0.16325000  -0.16483000
 0.17683000  -0.16826000
 0.19108000  -0.17135000
 0.20599000  -0.17407000
 0.22153000  -0.17636000
 0.23767000  -0.17818000
 0.25438000  -0.17950000
 0.27163000  -0.18029000
 0.28941000  -0.18051000
 0.30768000  -0.18013000
 0.32645000  -0.17915000
 0.34567000  -0.17752000
 0.36533000  -0.17523000
 0.38543000  -0.17227000
 0.40595000  -0.16858000
 0.42695000  -0.16413000
 0.44857000  -0.15884000
 0.47097000  -0.15268000
 0.49428000  -0.14560000
 0.51850000  -0.13760000
 0.54373000  -0.12865000
 0.57012000  -0.11867000
 0.59774000  -0.10767000
 0.62630000  -0.09585000
 0.65509000  -0.08367000
 0.68325000  -0.07178000
 0.70991000  -0.06080000
 0.73463000  -0.05108000
 0.75758000  -0.04265000
 0.77911000  -0.03538000
 0.79943000  -0.02914000
 0.81871000  -0.02383000
 0.83706000  -0.01940000
 0.85462000  -0.01580000
 0.87157000  -0.01299000
 0.88806000  -0.01094000
 0.90423000  -0.00961000
 0.92021000  -0.00897000
 0.93612000  -0.00903000
 0.95208000  -0.00982000
 0.96837000  -0.01165000
 0.98608000  -0.01514000
 1.00000000  -0.01886000
