SNL-FFA-W3-420FB_FFA-W3-360_blend_t38.2
       142   NumCoords         ! Number of coordinates including the reference point.
! x-y coordinate of airfoil reference
0.25        0
! coordinates of airfoil shape
 3.00000000  -420.00000000
 1.00000000   0.02765000
 0.98337000   0.03325000
 0.95640000   0.04182000
 0.92698000   0.05082000
 0.89598000   0.06026000
 0.86342000   0.07015000
 0.82946000   0.08039000
 0.79470000   0.09075000
 0.76002000   0.10093000
 0.72452000   0.11118000
 0.68863000   0.12131000
 0.65354000   0.13094000
 0.61878000   0.14020000
 0.58486000   0.14887000
 0.55220000   0.15685000
 0.52103000   0.16405000
 0.49085000   0.17054000
 0.46163000   0.17628000
 0.43356000   0.18126000
 0.40680000   0.18540000
 0.38132000   0.18874000
 0.35712000   0.19135000
 0.33410000   0.19324000
 0.31233000   0.19442000
 0.29173000   0.19494000
 0.27222000   0.19489000
 0.25383000   0.19427000
 0.23644000   0.19312000
 0.22003000   0.19152000
 0.20458000   0.18947000
 0.18999000   0.18698000
 0.17620000   0.18411000
 0.16315000   0.18089000
 0.15081000   0.17732000
 0.13913000   0.17344000
 0.12807000   0.16927000
 0.11761000   0.16484000
 0.10772000   0.16020000
 0.09839000   0.15535000
 0.08960000   0.15031000
 0.08135000   0.14508000
 0.07358000   0.13965000
 0.06629000   0.13411000
 0.05947000   0.12840000
 0.05310000   0.12257000
 0.04716000   0.11663000
 0.04165000   0.11060000
 0.03653000   0.10449000
 0.03182000   0.09834000
 0.02749000   0.09215000
 0.02354000   0.08593000
 0.01995000   0.07971000
 0.01673000   0.07351000
 0.01383000   0.06732000
 0.01122000   0.06121000
 0.00889000   0.05518000
 0.00691000   0.04925000
 0.00531000   0.04337000
 0.00409000   0.03755000
 0.00317000   0.03179000
 0.00241000   0.02612000
 0.00170000   0.02058000
 0.00099000   0.01524000
 0.00040000   0.01008000
 0.00007000   0.00505000
 0.00001000   0.00009000
 0.00020000  -0.00489000
 0.00060000  -0.00999000
 0.00112000  -0.01528000
 0.00171000  -0.02073000
 0.00244000  -0.02628000
 0.00338000  -0.03188000
 0.00463000  -0.03753000
 0.00625000  -0.04322000
 0.00821000  -0.04897000
 0.01048000  -0.05477000
 0.01305000  -0.06063000
 0.01594000  -0.06651000
 0.01915000  -0.07241000
 0.02272000  -0.07829000
 0.02669000  -0.08414000
 0.03105000  -0.08997000
 0.03582000  -0.09575000
 0.04102000  -0.10149000
 0.04665000  -0.10719000
 0.05271000  -0.11283000
 0.05925000  -0.11838000
 0.06630000  -0.12385000
 0.07385000  -0.12924000
 0.08194000  -0.13450000
 0.09063000  -0.13964000
 0.09991000  -0.14467000
 0.10983000  -0.14955000
 0.12042000  -0.15427000
 0.13167000  -0.15884000
 0.14362000  -0.16318000
 0.15628000  -0.16727000
 0.16968000  -0.17110000
 0.18377000  -0.17462000
 0.19858000  -0.17778000
 0.21403000  -0.18054000
 0.23013000  -0.18286000
 0.24685000  -0.18470000
 0.26414000  -0.18602000
 0.28198000  -0.18676000
 0.30032000  -0.18696000
 0.31918000  -0.18652000
 0.33848000  -0.18545000
 0.35817000  -0.18375000
 0.37829000  -0.18137000
 0.39868000  -0.17831000
 0.41936000  -0.17455000
 0.44035000  -0.17007000
 0.46162000  -0.16488000
 0.48317000  -0.15899000
 0.50491000  -0.15257000
 0.52653000  -0.14563000
 0.54793000  -0.13828000
 0.57014000  -0.13020000
 0.59395000  -0.12111000
 0.61907000  -0.11113000
 0.64462000  -0.10065000
 0.67046000  -0.08989000
 0.69676000  -0.07898000
 0.72257000  -0.06855000
 0.74708000  -0.05909000
 0.77017000  -0.05081000
 0.79190000  -0.04360000
 0.81237000  -0.03743000
 0.83175000  -0.03223000
 0.85015000  -0.02792000
 0.86779000  -0.02448000
 0.88483000  -0.02183000
 0.90148000  -0.01995000
 0.91787000  -0.01880000
 0.93416000  -0.01839000
 0.95051000  -0.01871000
 0.96721000  -0.02008000
 0.98545000  -0.02312000
 1.00000000  -0.02656000
