SNL-FFA-W3-560FB_SNL-FFA-W3-480FB_blend_t52.8
       401   NumCoords         ! Number of coordinates including the reference point.
! x-y coordinate of airfoil reference
0.25        0
! coordinates of airfoil shape
 3.00000000  -560.00000000
 1.00000000   0.08928000
 0.99223000   0.09369000
 0.98171000   0.09947000
 0.97194000   0.10439000
 0.96260000   0.10873000
 0.95366000   0.11288000
 0.94508000   0.11684000
 0.93682000   0.12053000
 0.92890000   0.12398000
 0.92133000   0.12737000
 0.91410000   0.13057000
 0.90715000   0.13351000
 0.90048000   0.13645000
 0.89394000   0.13923000
 0.88747000   0.14188000
 0.88115000   0.14454000
 0.87498000   0.14716000
 0.86892000   0.14962000
 0.86301000   0.15208000
 0.85720000   0.15446000
 0.85143000   0.15673000
 0.84574000   0.15911000
 0.84003000   0.16139000
 0.83424000   0.16360000
 0.82843000   0.16589000
 0.82251000   0.16809000
 0.81652000   0.17036000
 0.81044000   0.17269000
 0.80422000   0.17500000
 0.79790000   0.17738000
 0.79139000   0.17968000
 0.78472000   0.18212000
 0.77780000   0.18466000
 0.77056000   0.18714000
 0.76301000   0.18973000
 0.75514000   0.19248000
 0.74692000   0.19526000
 0.73837000   0.19808000
 0.72953000   0.20091000
 0.72047000   0.20380000
 0.71125000   0.20667000
 0.70193000   0.20955000
 0.69251000   0.21242000
 0.68299000   0.21526000
 0.67329000   0.21799000
 0.66338000   0.22079000
 0.65323000   0.22351000
 0.64293000   0.22627000
 0.63254000   0.22899000
 0.62204000   0.23157000
 0.61151000   0.23409000
 0.60102000   0.23653000
 0.59062000   0.23884000
 0.58043000   0.24112000
 0.57044000   0.24322000
 0.56064000   0.24512000
 0.55103000   0.24701000
 0.54160000   0.24878000
 0.53236000   0.25036000
 0.52328000   0.25194000
 0.51432000   0.25340000
 0.50551000   0.25472000
 0.49691000   0.25592000
 0.48854000   0.25705000
 0.48037000   0.25799000
 0.47233000   0.25895000
 0.46432000   0.25978000
 0.45640000   0.26056000
 0.44863000   0.26125000
 0.44100000   0.26188000
 0.43353000   0.26242000
 0.42621000   0.26292000
 0.41897000   0.26326000
 0.41182000   0.26360000
 0.40477000   0.26384000
 0.39786000   0.26398000
 0.39107000   0.26419000
 0.38430000   0.26415000
 0.37742000   0.26419000
 0.37040000   0.26417000
 0.36324000   0.26401000
 0.35595000   0.26377000
 0.34856000   0.26347000
 0.34111000   0.26311000
 0.33364000   0.26265000
 0.32618000   0.26213000
 0.31876000   0.26151000
 0.31137000   0.26075000
 0.30403000   0.26000000
 0.29680000   0.25906000
 0.28962000   0.25809000
 0.28254000   0.25706000
 0.27555000   0.25593000
 0.26869000   0.25474000
 0.26197000   0.25345000
 0.25539000   0.25218000
 0.24900000   0.25077000
 0.24275000   0.24931000
 0.23667000   0.24787000
 0.23075000   0.24635000
 0.22501000   0.24478000
 0.21942000   0.24324000
 0.21401000   0.24163000
 0.20878000   0.23997000
 0.20369000   0.23834000
 0.19878000   0.23671000
 0.19402000   0.23499000
 0.18937000   0.23331000
 0.18482000   0.23159000
 0.18041000   0.22984000
 0.17611000   0.22808000
 0.17190000   0.22636000
 0.16782000   0.22452000
 0.16380000   0.22270000
 0.15986000   0.22093000
 0.15604000   0.21906000
 0.15226000   0.21724000
 0.14856000   0.21535000
 0.14490000   0.21344000
 0.14128000   0.21152000
 0.13772000   0.20955000
 0.13420000   0.20758000
 0.13074000   0.20561000
 0.12736000   0.20357000
 0.12403000   0.20154000
 0.12078000   0.19949000
 0.11760000   0.19742000
 0.11444000   0.19542000
 0.11138000   0.19337000
 0.10841000   0.19125000
 0.10544000   0.18917000
 0.10253000   0.18702000
 0.09965000   0.18487000
 0.09678000   0.18276000
 0.09398000   0.18059000
 0.09125000   0.17835000
 0.08851000   0.17615000
 0.08582000   0.17388000
 0.08316000   0.17159000
 0.08057000   0.16924000
 0.07799000   0.16689000
 0.07541000   0.16454000
 0.07289000   0.16211000
 0.07037000   0.15967000
 0.06793000   0.15713000
 0.06549000   0.15459000
 0.06303000   0.15201000
 0.06062000   0.14938000
 0.05824000   0.14669000
 0.05591000   0.14394000
 0.05355000   0.14120000
 0.05123000   0.13841000
 0.04896000   0.13556000
 0.04675000   0.13267000
 0.04458000   0.12973000
 0.04240000   0.12681000
 0.04029000   0.12386000
 0.03827000   0.12084000
 0.03626000   0.11781000
 0.03431000   0.11476000
 0.03241000   0.11169000
 0.03055000   0.10862000
 0.02877000   0.10553000
 0.02706000   0.10243000
 0.02540000   0.09934000
 0.02383000   0.09624000
 0.02230000   0.09316000
 0.02080000   0.09012000
 0.01939000   0.08706000
 0.01805000   0.08402000
 0.01671000   0.08102000
 0.01549000   0.07801000
 0.01429000   0.07501000
 0.01312000   0.07203000
 0.01202000   0.06904000
 0.01099000   0.06607000
 0.00999000   0.06311000
 0.00907000   0.06017000
 0.00822000   0.05723000
 0.00743000   0.05432000
 0.00670000   0.05143000
 0.00604000   0.04856000
 0.00543000   0.04572000
 0.00489000   0.04290000
 0.00442000   0.04012000
 0.00397000   0.03737000
 0.00352000   0.03466000
 0.00312000   0.03199000
 0.00277000   0.02936000
 0.00246000   0.02677000
 0.00215000   0.02422000
 0.00182000   0.02173000
 0.00151000   0.01927000
 0.00124000   0.01685000
 0.00101000   0.01447000
 0.00078000   0.01213000
 0.00056000   0.00983000
 0.00044000   0.00756000
 0.00032000   0.00533000
 0.00012000   0.00312000
 0.00003000   0.00092000
-0.00002000  -0.00126000
 0.00000000  -0.00344000
 0.00006000  -0.00564000
 0.00018000  -0.00785000
 0.00039000  -0.01007000
 0.00049000  -0.01233000
 0.00064000  -0.01462000
 0.00086000  -0.01694000
 0.00109000  -0.01930000
 0.00133000  -0.02169000
 0.00161000  -0.02411000
 0.00192000  -0.02656000
 0.00225000  -0.02904000
 0.00257000  -0.03155000
 0.00292000  -0.03409000
 0.00331000  -0.03665000
 0.00375000  -0.03923000
 0.00422000  -0.04183000
 0.00471000  -0.04444000
 0.00525000  -0.04707000
 0.00584000  -0.04970000
 0.00648000  -0.05234000
 0.00715000  -0.05499000
 0.00788000  -0.05763000
 0.00867000  -0.06027000
 0.00946000  -0.06291000
 0.01033000  -0.06553000
 0.01127000  -0.06814000
 0.01219000  -0.07077000
 0.01318000  -0.07338000
 0.01424000  -0.07598000
 0.01531000  -0.07859000
 0.01636000  -0.08120000
 0.01754000  -0.08378000
 0.01873000  -0.08638000
 0.01991000  -0.08900000
 0.02117000  -0.09161000
 0.02252000  -0.09420000
 0.02385000  -0.09682000
 0.02521000  -0.09946000
 0.02667000  -0.10208000
 0.02815000  -0.10473000
 0.02970000  -0.10738000
 0.03134000  -0.11001000
 0.03300000  -0.11267000
 0.03469000  -0.11535000
 0.03650000  -0.11799000
 0.03836000  -0.12066000
 0.04027000  -0.12336000
 0.04225000  -0.12605000
 0.04433000  -0.12871000
 0.04643000  -0.13140000
 0.04855000  -0.13414000
 0.05082000  -0.13684000
 0.05318000  -0.13954000
 0.05559000  -0.14227000
 0.05806000  -0.14502000
 0.06060000  -0.14775000
 0.06321000  -0.15048000
 0.06588000  -0.15320000
 0.06862000  -0.15589000
 0.07139000  -0.15859000
 0.07422000  -0.16126000
 0.07712000  -0.16388000
 0.08007000  -0.16646000
 0.08306000  -0.16902000
 0.08608000  -0.17156000
 0.08916000  -0.17403000
 0.09225000  -0.17648000
 0.09539000  -0.17888000
 0.09855000  -0.18127000
 0.10179000  -0.18355000
 0.10504000  -0.18588000
 0.10837000  -0.18813000
 0.11173000  -0.19044000
 0.11519000  -0.19270000
 0.11875000  -0.19494000
 0.12238000  -0.19717000
 0.12609000  -0.19938000
 0.12984000  -0.20162000
 0.13366000  -0.20382000
 0.13758000  -0.20598000
 0.14157000  -0.20808000
 0.14562000  -0.21021000
 0.14974000  -0.21232000
 0.15394000  -0.21441000
 0.15825000  -0.21644000
 0.16265000  -0.21847000
 0.16712000  -0.22052000
 0.17169000  -0.22255000
 0.17635000  -0.22448000
 0.18110000  -0.22640000
 0.18590000  -0.22830000
 0.19073000  -0.23022000
 0.19564000  -0.23203000
 0.20062000  -0.23375000
 0.20561000  -0.23547000
 0.21060000  -0.23719000
 0.21563000  -0.23878000
 0.22070000  -0.24025000
 0.22574000  -0.24180000
 0.23079000  -0.24332000
 0.23592000  -0.24468000
 0.24109000  -0.24600000
 0.24627000  -0.24735000
 0.25146000  -0.24861000
 0.25671000  -0.24981000
 0.26200000  -0.25102000
 0.26735000  -0.25211000
 0.27274000  -0.25312000
 0.27814000  -0.25419000
 0.28355000  -0.25519000
 0.28899000  -0.25606000
 0.29444000  -0.25686000
 0.29986000  -0.25770000
 0.30528000  -0.25840000
 0.31074000  -0.25910000
 0.31625000  -0.25982000
 0.32184000  -0.26038000
 0.32750000  -0.26091000
 0.33324000  -0.26144000
 0.33909000  -0.26187000
 0.34501000  -0.26225000
 0.35098000  -0.26256000
 0.35697000  -0.26279000
 0.36297000  -0.26301000
 0.36896000  -0.26323000
 0.37490000  -0.26326000
 0.38087000  -0.26332000
 0.38693000  -0.26332000
 0.39319000  -0.26317000
 0.39965000  -0.26302000
 0.40631000  -0.26274000
 0.41318000  -0.26241000
 0.42021000  -0.26202000
 0.42740000  -0.26150000
 0.43472000  -0.26091000
 0.44213000  -0.26024000
 0.44962000  -0.25942000
 0.45715000  -0.25857000
 0.46468000  -0.25754000
 0.47229000  -0.25644000
 0.47996000  -0.25530000
 0.48765000  -0.25403000
 0.49539000  -0.25269000
 0.50325000  -0.25117000
 0.51127000  -0.24955000
 0.51946000  -0.24779000
 0.52775000  -0.24595000
 0.53613000  -0.24389000
 0.54465000  -0.24181000
 0.55321000  -0.23953000
 0.56189000  -0.23712000
 0.57064000  -0.23467000
 0.57946000  -0.23206000
 0.58835000  -0.22928000
 0.59740000  -0.22639000
 0.60657000  -0.22340000
 0.61578000  -0.22025000
 0.62501000  -0.21697000
 0.63421000  -0.21360000
 0.64346000  -0.21021000
 0.65276000  -0.20660000
 0.66218000  -0.20296000
 0.67173000  -0.19906000
 0.68146000  -0.19500000
 0.69130000  -0.19087000
 0.70119000  -0.18669000
 0.71116000  -0.18235000
 0.72134000  -0.17791000
 0.73165000  -0.17329000
 0.74207000  -0.16857000
 0.75260000  -0.16380000
 0.76331000  -0.15904000
 0.77417000  -0.15416000
 0.78509000  -0.14926000
 0.79589000  -0.14442000
 0.80651000  -0.13978000
 0.81693000  -0.13539000
 0.82714000  -0.13115000
 0.83720000  -0.12706000
 0.84711000  -0.12308000
 0.85689000  -0.11931000
 0.86653000  -0.11573000
 0.87595000  -0.11229000
 0.88531000  -0.10915000
 0.89460000  -0.10612000
 0.90386000  -0.10332000
 0.91310000  -0.10072000
 0.92231000  -0.09834000
 0.93157000  -0.09623000
 0.94083000  -0.09422000
 0.95008000  -0.09249000
 0.95947000  -0.09094000
 0.96924000  -0.08981000
 0.97975000  -0.08894000
 0.99127000  -0.08847000
 1.00000000  -0.08852000
