SNL-FFA-W3-560FB_SNL-FFA-W3-480FB_blend_t49.2
       401   NumCoords         ! Number of coordinates including the reference point.
! x-y coordinate of airfoil reference
0.25        0
! coordinates of airfoil shape
 3.00000000  -560.00000000
 1.00000000   0.07785000
 0.99339000   0.08142000
 0.98409000   0.08635000
 0.97524000   0.09070000
 0.96665000   0.09462000
 0.95826000   0.09829000
 0.95010000   0.10192000
 0.94215000   0.10538000
 0.93443000   0.10864000
 0.92695000   0.11177000
 0.91975000   0.11485000
 0.91281000   0.11776000
 0.90608000   0.12048000
 0.89957000   0.12324000
 0.89311000   0.12583000
 0.88670000   0.12834000
 0.88041000   0.13089000
 0.87425000   0.13337000
 0.86815000   0.13573000
 0.86216000   0.13813000
 0.85620000   0.14043000
 0.85025000   0.14271000
 0.84431000   0.14507000
 0.83826000   0.14732000
 0.83211000   0.14962000
 0.82586000   0.15190000
 0.81946000   0.15420000
 0.81294000   0.15660000
 0.80625000   0.15899000
 0.79941000   0.16145000
 0.79237000   0.16386000
 0.78512000   0.16639000
 0.77761000   0.16902000
 0.76981000   0.17159000
 0.76166000   0.17428000
 0.75317000   0.17711000
 0.74433000   0.17995000
 0.73516000   0.18282000
 0.72570000   0.18572000
 0.71607000   0.18865000
 0.70633000   0.19154000
 0.69651000   0.19445000
 0.68665000   0.19730000
 0.67682000   0.20001000
 0.66700000   0.20268000
 0.65707000   0.20530000
 0.64693000   0.20790000
 0.63673000   0.21053000
 0.62650000   0.21300000
 0.61627000   0.21541000
 0.60608000   0.21771000
 0.59593000   0.21996000
 0.58577000   0.22213000
 0.57566000   0.22429000
 0.56556000   0.22627000
 0.55549000   0.22816000
 0.54554000   0.23003000
 0.53576000   0.23173000
 0.52616000   0.23333000
 0.51684000   0.23487000
 0.50778000   0.23623000
 0.49899000   0.23745000
 0.49050000   0.23859000
 0.48229000   0.23960000
 0.47434000   0.24050000
 0.46657000   0.24133000
 0.45894000   0.24213000
 0.45142000   0.24280000
 0.44404000   0.24345000
 0.43676000   0.24402000
 0.42959000   0.24453000
 0.42248000   0.24497000
 0.41541000   0.24534000
 0.40837000   0.24561000
 0.40141000   0.24586000
 0.39455000   0.24608000
 0.38772000   0.24615000
 0.38084000   0.24629000
 0.37389000   0.24626000
 0.36682000   0.24620000
 0.35967000   0.24613000
 0.35244000   0.24593000
 0.34514000   0.24563000
 0.33781000   0.24529000
 0.33050000   0.24493000
 0.32323000   0.24443000
 0.31597000   0.24387000
 0.30877000   0.24325000
 0.30162000   0.24247000
 0.29453000   0.24171000
 0.28751000   0.24082000
 0.28053000   0.23985000
 0.27363000   0.23883000
 0.26683000   0.23775000
 0.26016000   0.23662000
 0.25364000   0.23535000
 0.24724000   0.23409000
 0.24098000   0.23278000
 0.23487000   0.23136000
 0.22888000   0.22994000
 0.22305000   0.22849000
 0.21739000   0.22699000
 0.21189000   0.22545000
 0.20653000   0.22394000
 0.20132000   0.22233000
 0.19625000   0.22069000
 0.19130000   0.21908000
 0.18652000   0.21741000
 0.18184000   0.21572000
 0.17724000   0.21403000
 0.17273000   0.21226000
 0.16829000   0.21048000
 0.16395000   0.20870000
 0.15971000   0.20690000
 0.15561000   0.20502000
 0.15157000   0.20319000
 0.14760000   0.20133000
 0.14370000   0.19940000
 0.13983000   0.19750000
 0.13606000   0.19555000
 0.13236000   0.19357000
 0.12871000   0.19158000
 0.12514000   0.18956000
 0.12162000   0.18756000
 0.11819000   0.18555000
 0.11486000   0.18347000
 0.11157000   0.18142000
 0.10838000   0.17932000
 0.10520000   0.17725000
 0.10207000   0.17519000
 0.09905000   0.17305000
 0.09607000   0.17091000
 0.09313000   0.16877000
 0.09025000   0.16656000
 0.08736000   0.16438000
 0.08454000   0.16213000
 0.08174000   0.15986000
 0.07898000   0.15757000
 0.07626000   0.15525000
 0.07364000   0.15287000
 0.07107000   0.15045000
 0.06846000   0.14807000
 0.06592000   0.14561000
 0.06339000   0.14313000
 0.06094000   0.14058000
 0.05849000   0.13802000
 0.05607000   0.13545000
 0.05370000   0.13284000
 0.05140000   0.13019000
 0.04915000   0.12750000
 0.04690000   0.12483000
 0.04469000   0.12215000
 0.04258000   0.11941000
 0.04052000   0.11664000
 0.03850000   0.11387000
 0.03652000   0.11111000
 0.03460000   0.10834000
 0.03277000   0.10555000
 0.03097000   0.10278000
 0.02926000   0.09999000
 0.02758000   0.09722000
 0.02598000   0.09445000
 0.02445000   0.09168000
 0.02296000   0.08894000
 0.02154000   0.08620000
 0.02020000   0.08346000
 0.01886000   0.08076000
 0.01757000   0.07808000
 0.01637000   0.07539000
 0.01518000   0.07272000
 0.01404000   0.07006000
 0.01299000   0.06740000
 0.01196000   0.06475000
 0.01096000   0.06213000
 0.01003000   0.05951000
 0.00916000   0.05690000
 0.00834000   0.05430000
 0.00758000   0.05172000
 0.00689000   0.04915000
 0.00625000   0.04660000
 0.00566000   0.04407000
 0.00512000   0.04156000
 0.00464000   0.03908000
 0.00420000   0.03662000
 0.00380000   0.03419000
 0.00340000   0.03179000
 0.00301000   0.02942000
 0.00268000   0.02708000
 0.00240000   0.02476000
 0.00211000   0.02248000
 0.00179000   0.02023000
 0.00149000   0.01801000
 0.00123000   0.01581000
 0.00102000   0.01365000
 0.00078000   0.01151000
 0.00057000   0.00940000
 0.00046000   0.00731000
 0.00034000   0.00524000
 0.00014000   0.00319000
 0.00004000   0.00115000
-0.00002000  -0.00089000
-0.00001000  -0.00293000
 0.00004000  -0.00497000
 0.00015000  -0.00701000
 0.00036000  -0.00905000
 0.00048000  -0.01112000
 0.00059000  -0.01320000
 0.00078000  -0.01530000
 0.00101000  -0.01743000
 0.00124000  -0.01957000
 0.00149000  -0.02174000
 0.00177000  -0.02393000
 0.00208000  -0.02613000
 0.00239000  -0.02836000
 0.00269000  -0.03060000
 0.00302000  -0.03286000
 0.00343000  -0.03513000
 0.00385000  -0.03741000
 0.00428000  -0.03972000
 0.00475000  -0.04203000
 0.00526000  -0.04435000
 0.00581000  -0.04667000
 0.00640000  -0.04899000
 0.00704000  -0.05132000
 0.00770000  -0.05365000
 0.00840000  -0.05597000
 0.00917000  -0.05828000
 0.00996000  -0.06059000
 0.01077000  -0.06291000
 0.01166000  -0.06519000
 0.01259000  -0.06748000
 0.01350000  -0.06979000
 0.01446000  -0.07208000
 0.01548000  -0.07436000
 0.01653000  -0.07664000
 0.01756000  -0.07894000
 0.01868000  -0.08120000
 0.01986000  -0.08346000
 0.02099000  -0.08578000
 0.02218000  -0.08809000
 0.02347000  -0.09040000
 0.02478000  -0.09272000
 0.02612000  -0.09507000
 0.02751000  -0.09741000
 0.02897000  -0.09975000
 0.03044000  -0.10213000
 0.03199000  -0.10448000
 0.03363000  -0.10683000
 0.03530000  -0.10920000
 0.03699000  -0.11159000
 0.03878000  -0.11395000
 0.04061000  -0.11632000
 0.04246000  -0.11875000
 0.04441000  -0.12115000
 0.04647000  -0.12354000
 0.04859000  -0.12595000
 0.05074000  -0.12840000
 0.05296000  -0.13086000
 0.05529000  -0.13331000
 0.05767000  -0.13579000
 0.06015000  -0.13828000
 0.06268000  -0.14079000
 0.06528000  -0.14331000
 0.06798000  -0.14582000
 0.07076000  -0.14831000
 0.07362000  -0.15080000
 0.07652000  -0.15331000
 0.07950000  -0.15579000
 0.08256000  -0.15824000
 0.08569000  -0.16067000
 0.08887000  -0.16309000
 0.09212000  -0.16547000
 0.09543000  -0.16782000
 0.09878000  -0.17014000
 0.10215000  -0.17245000
 0.10559000  -0.17470000
 0.10910000  -0.17690000
 0.11265000  -0.17911000
 0.11628000  -0.18129000
 0.11997000  -0.18350000
 0.12376000  -0.18567000
 0.12764000  -0.18779000
 0.13159000  -0.18988000
 0.13560000  -0.19198000
 0.13966000  -0.19406000
 0.14380000  -0.19610000
 0.14801000  -0.19809000
 0.15229000  -0.20007000
 0.15665000  -0.20206000
 0.16109000  -0.20401000
 0.16563000  -0.20587000
 0.17024000  -0.20775000
 0.17493000  -0.20963000
 0.17969000  -0.21149000
 0.18454000  -0.21326000
 0.18947000  -0.21500000
 0.19444000  -0.21672000
 0.19944000  -0.21842000
 0.20447000  -0.22001000
 0.20953000  -0.22150000
 0.21457000  -0.22305000
 0.21963000  -0.22455000
 0.22477000  -0.22591000
 0.22995000  -0.22721000
 0.23513000  -0.22862000
 0.24041000  -0.22992000
 0.24580000  -0.23115000
 0.25126000  -0.23237000
 0.25678000  -0.23351000
 0.26236000  -0.23459000
 0.26797000  -0.23573000
 0.27365000  -0.23677000
 0.27939000  -0.23768000
 0.28516000  -0.23857000
 0.29092000  -0.23946000
 0.29669000  -0.24020000
 0.30247000  -0.24096000
 0.30826000  -0.24168000
 0.31408000  -0.24223000
 0.31995000  -0.24287000
 0.32593000  -0.24341000
 0.33202000  -0.24386000
 0.33819000  -0.24427000
 0.34443000  -0.24458000
 0.35071000  -0.24487000
 0.35699000  -0.24513000
 0.36324000  -0.24525000
 0.36948000  -0.24535000
 0.37572000  -0.24548000
 0.38194000  -0.24540000
 0.38822000  -0.24535000
 0.39463000  -0.24518000
 0.40120000  -0.24494000
 0.40791000  -0.24466000
 0.41472000  -0.24427000
 0.42164000  -0.24383000
 0.42860000  -0.24335000
 0.43556000  -0.24274000
 0.44256000  -0.24207000
 0.44961000  -0.24138000
 0.45669000  -0.24049000
 0.46386000  -0.23958000
 0.47114000  -0.23855000
 0.47852000  -0.23746000
 0.48596000  -0.23631000
 0.49350000  -0.23502000
 0.50118000  -0.23363000
 0.50903000  -0.23208000
 0.51704000  -0.23049000
 0.52516000  -0.22873000
 0.53347000  -0.22679000
 0.54197000  -0.22483000
 0.55059000  -0.22264000
 0.55939000  -0.22032000
 0.56831000  -0.21792000
 0.57733000  -0.21540000
 0.58640000  -0.21269000
 0.59557000  -0.20990000
 0.60476000  -0.20704000
 0.61388000  -0.20407000
 0.62294000  -0.20101000
 0.63197000  -0.19785000
 0.64108000  -0.19468000
 0.65023000  -0.19130000
 0.65954000  -0.18787000
 0.66890000  -0.18427000
 0.67844000  -0.18049000
 0.68818000  -0.17658000
 0.69823000  -0.17255000
 0.70863000  -0.16824000
 0.71941000  -0.16377000
 0.73046000  -0.15905000
 0.74181000  -0.15415000
 0.75336000  -0.14917000
 0.76503000  -0.14420000
 0.77676000  -0.13917000
 0.78841000  -0.13417000
 0.79987000  -0.12931000
 0.81111000  -0.12468000
 0.82220000  -0.12027000
 0.83305000  -0.11600000
 0.84362000  -0.11192000
 0.85391000  -0.10807000
 0.86397000  -0.10446000
 0.87374000  -0.10103000
 0.88323000  -0.09791000
 0.89255000  -0.09497000
 0.90170000  -0.09227000
 0.91074000  -0.08978000
 0.91966000  -0.08749000
 0.92853000  -0.08547000
 0.93738000  -0.08358000
 0.94612000  -0.08185000
 0.95487000  -0.08040000
 0.96367000  -0.07911000
 0.97282000  -0.07822000
 0.98240000  -0.07749000
 0.99261000  -0.07713000
 1.00000000  -0.07715000
