SNL-FFA-W3-420FB_FFA-W3-360_blend_t40.9
       142   NumCoords         ! Number of coordinates including the reference point.
! x-y coordinate of airfoil reference
0.25        0
! coordinates of airfoil shape
 3.00000000  -420.00000000
 1.00000000   0.04242000
 0.98205000   0.04929000
 0.95500000   0.05876000
 0.92739000   0.06797000
 0.89977000   0.07705000
 0.87148000   0.08623000
 0.84190000   0.09569000
 0.81137000   0.10523000
 0.78077000   0.11463000
 0.75014000   0.12381000
 0.71773000   0.13325000
 0.68506000   0.14249000
 0.65364000   0.15106000
 0.62222000   0.15932000
 0.59161000   0.16697000
 0.56225000   0.17396000
 0.53401000   0.18030000
 0.50699000   0.18595000
 0.48017000   0.19108000
 0.45402000   0.19552000
 0.42882000   0.19935000
 0.40492000   0.20239000
 0.38195000   0.20478000
 0.35956000   0.20667000
 0.33725000   0.20792000
 0.31562000   0.20856000
 0.29479000   0.20856000
 0.27478000   0.20794000
 0.25578000   0.20677000
 0.23775000   0.20502000
 0.22065000   0.20282000
 0.20457000   0.20019000
 0.18941000   0.19707000
 0.17506000   0.19357000
 0.16150000   0.18971000
 0.14872000   0.18552000
 0.13665000   0.18099000
 0.12523000   0.17619000
 0.11447000   0.17113000
 0.10431000   0.16585000
 0.09476000   0.16037000
 0.08577000   0.15472000
 0.07739000   0.14888000
 0.06953000   0.14282000
 0.06215000   0.13665000
 0.05530000   0.13031000
 0.04890000   0.12383000
 0.04296000   0.11723000
 0.03747000   0.11054000
 0.03241000   0.10375000
 0.02777000   0.09691000
 0.02354000   0.09002000
 0.01973000   0.08308000
 0.01631000   0.07614000
 0.01326000   0.06919000
 0.01052000   0.06227000
 0.00809000   0.05546000
 0.00610000   0.04872000
 0.00459000   0.04200000
 0.00350000   0.03530000
 0.00263000   0.02863000
 0.00180000   0.02209000
 0.00099000   0.01577000
 0.00032000   0.00971000
-0.00003000   0.00385000
-0.00003000  -0.00194000
 0.00021000  -0.00777000
 0.00064000  -0.01378000
 0.00115000  -0.01997000
 0.00180000  -0.02625000
 0.00271000  -0.03257000
 0.00398000  -0.03892000
 0.00564000  -0.04530000
 0.00766000  -0.05174000
 0.01002000  -0.05819000
 0.01274000  -0.06466000
 0.01582000  -0.07114000
 0.01927000  -0.07761000
 0.02312000  -0.08403000
 0.02740000  -0.09041000
 0.03211000  -0.09673000
 0.03728000  -0.10300000
 0.04291000  -0.10922000
 0.04899000  -0.11538000
 0.05560000  -0.12142000
 0.06275000  -0.12740000
 0.07042000  -0.13332000
 0.07865000  -0.13911000
 0.08754000  -0.14477000
 0.09707000  -0.15033000
 0.10730000  -0.15574000
 0.11826000  -0.16103000
 0.12996000  -0.16616000
 0.14242000  -0.17108000
 0.15570000  -0.17574000
 0.16979000  -0.18018000
 0.18464000  -0.18425000
 0.20026000  -0.18803000
 0.21660000  -0.19131000
 0.23362000  -0.19414000
 0.25124000  -0.19648000
 0.26933000  -0.19825000
 0.28793000  -0.19947000
 0.30694000  -0.20000000
 0.32628000  -0.19998000
 0.34578000  -0.19937000
 0.36525000  -0.19805000
 0.38462000  -0.19628000
 0.40391000  -0.19389000
 0.42281000  -0.19098000
 0.44107000  -0.18771000
 0.45844000  -0.18412000
 0.47529000  -0.18020000
 0.49211000  -0.17609000
 0.50851000  -0.17164000
 0.52433000  -0.16714000
 0.53956000  -0.16241000
 0.55501000  -0.15752000
 0.57144000  -0.15202000
 0.58928000  -0.14571000
 0.60849000  -0.13870000
 0.62847000  -0.13103000
 0.64883000  -0.12302000
 0.67011000  -0.11445000
 0.69315000  -0.10506000
 0.71756000  -0.09514000
 0.74288000  -0.08505000
 0.76800000  -0.07557000
 0.79209000  -0.06699000
 0.81469000  -0.05959000
 0.83596000  -0.05331000
 0.85591000  -0.04810000
 0.87491000  -0.04390000
 0.89315000  -0.04065000
 0.91094000  -0.03825000
 0.92849000  -0.03673000
 0.94607000  -0.03601000
 0.96404000  -0.03635000
 0.98375000  -0.03844000
 1.00000000  -0.04135000
