SNL-FFA-W3-420FB_FFA-W3-360_blend_t39.6
       142   NumCoords         ! Number of coordinates including the reference point.
! x-y coordinate of airfoil reference
0.25        0
! coordinates of airfoil shape
 3.00000000  -420.00000000
 1.00000000   0.03504000
 0.98276000   0.04124000
 0.95578000   0.05025000
 0.92734000   0.05935000
 0.89821000   0.06857000
 0.86800000   0.07806000
 0.83645000   0.08787000
 0.80397000   0.09777000
 0.77159000   0.10749000
 0.73864000   0.11717000
 0.70438000   0.12696000
 0.67071000   0.13634000
 0.63766000   0.14525000
 0.60490000   0.15373000
 0.57324000   0.16159000
 0.54263000   0.16877000
 0.51348000   0.17518000
 0.48476000   0.18100000
 0.45677000   0.18611000
 0.42988000   0.19051000
 0.40440000   0.19408000
 0.38012000   0.19689000
 0.35676000   0.19908000
 0.33404000   0.20062000
 0.31234000   0.20147000
 0.29165000   0.20167000
 0.27194000   0.20130000
 0.25332000   0.20036000
 0.23569000   0.19887000
 0.21905000   0.19694000
 0.20339000   0.19457000
 0.18860000   0.19175000
 0.17463000   0.18855000
 0.16141000   0.18499000
 0.14894000   0.18110000
 0.13713000   0.17689000
 0.12597000   0.17241000
 0.11542000   0.16767000
 0.10546000   0.16272000
 0.09608000   0.15756000
 0.08724000   0.15223000
 0.07898000   0.14670000
 0.07121000   0.14097000
 0.06391000   0.13513000
 0.05712000   0.12912000
 0.05077000   0.12298000
 0.04486000   0.11674000
 0.03939000   0.11039000
 0.03432000   0.10397000
 0.02967000   0.09750000
 0.02541000   0.09099000
 0.02154000   0.08445000
 0.01805000   0.07790000
 0.01493000   0.07135000
 0.01213000   0.06484000
 0.00960000   0.05841000
 0.00742000   0.05207000
 0.00566000   0.04580000
 0.00432000   0.03956000
 0.00332000   0.03336000
 0.00250000   0.02723000
 0.00174000   0.02125000
 0.00099000   0.01547000
 0.00036000   0.00991000
 0.00002000   0.00450000
-0.00002000  -0.00083000
 0.00020000  -0.00620000
 0.00062000  -0.01171000
 0.00113000  -0.01741000
 0.00174000  -0.02324000
 0.00253000  -0.02915000
 0.00360000  -0.03509000
 0.00504000  -0.04108000
 0.00685000  -0.04711000
 0.00898000  -0.05319000
 0.01144000  -0.05931000
 0.01423000  -0.06546000
 0.01736000  -0.07162000
 0.02085000  -0.07777000
 0.02473000  -0.08389000
 0.02903000  -0.08996000
 0.03374000  -0.09600000
 0.03889000  -0.10198000
 0.04448000  -0.10792000
 0.05051000  -0.11380000
 0.05704000  -0.11958000
 0.06409000  -0.12529000
 0.07165000  -0.13093000
 0.07976000  -0.13645000
 0.08848000  -0.14184000
 0.09781000  -0.14713000
 0.10781000  -0.15226000
 0.11851000  -0.15726000
 0.12990000  -0.16210000
 0.14201000  -0.16674000
 0.15488000  -0.17112000
 0.16854000  -0.17525000
 0.18291000  -0.17908000
 0.19805000  -0.18257000
 0.21386000  -0.18561000
 0.23037000  -0.18822000
 0.24752000  -0.19036000
 0.26525000  -0.19197000
 0.28356000  -0.19297000
 0.30232000  -0.19339000
 0.32158000  -0.19320000
 0.34122000  -0.19236000
 0.36109000  -0.19086000
 0.38119000  -0.18878000
 0.40129000  -0.18602000
 0.42124000  -0.18268000
 0.44093000  -0.17880000
 0.46012000  -0.17448000
 0.47903000  -0.16970000
 0.49795000  -0.16460000
 0.51648000  -0.15909000
 0.53442000  -0.15348000
 0.55229000  -0.14758000
 0.57109000  -0.14098000
 0.59146000  -0.13349000
 0.61325000  -0.12518000
 0.63570000  -0.11625000
 0.65858000  -0.10696000
 0.68257000  -0.09708000
 0.70769000  -0.08680000
 0.73309000  -0.07667000
 0.75774000  -0.06729000
 0.78125000  -0.05892000
 0.80337000  -0.05164000
 0.82418000  -0.04546000
 0.84382000  -0.04024000
 0.86246000  -0.03602000
 0.88035000  -0.03265000
 0.89769000  -0.03015000
 0.91470000  -0.02842000
 0.93156000  -0.02749000
 0.94846000  -0.02731000
 0.96574000  -0.02819000
 0.98466000  -0.03077000
 1.00000000  -0.03396000
