SNL-FFA-W3-480FB_SNL-FFA-W3-420FB_blend_t45.8
       302   NumCoords         ! Number of coordinates including the reference point.
! x-y coordinate of airfoil reference
0.25        0
! coordinates of airfoil shape
 3.00000000  -480.00000000
 1.00000000   0.06568000
 0.99075000   0.07028000
 0.97756000   0.07653000
 0.96476000   0.08198000
 0.95227000   0.08713000
 0.94014000   0.09206000
 0.92841000   0.09666000
 0.91721000   0.10112000
 0.90651000   0.10523000
 0.89629000   0.10924000
 0.88626000   0.11295000
 0.87650000   0.11666000
 0.86702000   0.12016000
 0.85782000   0.12360000
 0.84879000   0.12684000
 0.83990000   0.13013000
 0.83096000   0.13326000
 0.82195000   0.13636000
 0.81286000   0.13952000
 0.80360000   0.14266000
 0.79419000   0.14585000
 0.78453000   0.14901000
 0.77451000   0.15234000
 0.76394000   0.15565000
 0.75292000   0.15918000
 0.74142000   0.16273000
 0.72959000   0.16627000
 0.71759000   0.16982000
 0.70556000   0.17328000
 0.69368000   0.17669000
 0.68197000   0.17997000
 0.67032000   0.18304000
 0.65847000   0.18617000
 0.64635000   0.18923000
 0.63420000   0.19230000
 0.62206000   0.19518000
 0.61003000   0.19795000
 0.59808000   0.20064000
 0.58609000   0.20322000
 0.57415000   0.20578000
 0.56226000   0.20812000
 0.55051000   0.21039000
 0.53885000   0.21257000
 0.52733000   0.21454000
 0.51589000   0.21652000
 0.50448000   0.21828000
 0.49322000   0.21992000
 0.48225000   0.22145000
 0.47150000   0.22272000
 0.46081000   0.22400000
 0.45017000   0.22511000
 0.43963000   0.22613000
 0.42924000   0.22703000
 0.41900000   0.22781000
 0.40881000   0.22840000
 0.39879000   0.22895000
 0.38899000   0.22933000
 0.37926000   0.22957000
 0.36934000   0.22980000
 0.35921000   0.22990000
 0.34889000   0.22972000
 0.33842000   0.22954000
 0.32794000   0.22921000
 0.31748000   0.22872000
 0.30711000   0.22800000
 0.29687000   0.22724000
 0.28684000   0.22619000
 0.27698000   0.22511000
 0.26737000   0.22391000
 0.25806000   0.22252000
 0.24905000   0.22111000
 0.24040000   0.21949000
 0.23206000   0.21787000
 0.22406000   0.21617000
 0.21638000   0.21440000
 0.20897000   0.21262000
 0.20188000   0.21069000
 0.19504000   0.20881000
 0.18851000   0.20679000
 0.18217000   0.20483000
 0.17604000   0.20276000
 0.17010000   0.20066000
 0.16436000   0.19857000
 0.15884000   0.19635000
 0.15345000   0.19425000
 0.14828000   0.19197000
 0.14316000   0.18976000
 0.13814000   0.18742000
 0.13320000   0.18506000
 0.12838000   0.18265000
 0.12367000   0.18024000
 0.11911000   0.17775000
 0.11469000   0.17525000
 0.11041000   0.17273000
 0.10622000   0.17032000
 0.10222000   0.16773000
 0.09825000   0.16520000
 0.09441000   0.16257000
 0.09060000   0.16000000
 0.08691000   0.15734000
 0.08327000   0.15466000
 0.07971000   0.15193000
 0.07626000   0.14912000
 0.07291000   0.14625000
 0.06955000   0.14342000
 0.06628000   0.14047000
 0.06305000   0.13746000
 0.05987000   0.13439000
 0.05675000   0.13127000
 0.05370000   0.12809000
 0.05074000   0.12485000
 0.04779000   0.12162000
 0.04496000   0.11832000
 0.04223000   0.11497000
 0.03960000   0.11158000
 0.03699000   0.10823000
 0.03454000   0.10478000
 0.03212000   0.10133000
 0.02983000   0.09784000
 0.02758000   0.09436000
 0.02548000   0.09083000
 0.02345000   0.08730000
 0.02155000   0.08376000
 0.01971000   0.08025000
 0.01794000   0.07675000
 0.01629000   0.07326000
 0.01469000   0.06980000
 0.01327000   0.06633000
 0.01184000   0.06290000
 0.01052000   0.05949000
 0.00931000   0.05610000
 0.00819000   0.05273000
 0.00719000   0.04938000
 0.00631000   0.04607000
 0.00551000   0.04279000
 0.00482000   0.03956000
 0.00424000   0.03637000
 0.00373000   0.03323000
 0.00319000   0.03015000
 0.00274000   0.02712000
 0.00237000   0.02413000
 0.00197000   0.02121000
 0.00155000   0.01834000
 0.00121000   0.01552000
 0.00091000   0.01275000
 0.00060000   0.01004000
 0.00040000   0.00738000
 0.00024000   0.00476000
 0.00005000   0.00219000
-0.00003000  -0.00036000
-0.00000000  -0.00291000
 0.00006000  -0.00548000
 0.00030000  -0.00808000
 0.00044000  -0.01073000
 0.00064000  -0.01343000
 0.00092000  -0.01618000
 0.00121000  -0.01899000
 0.00154000  -0.02184000
 0.00194000  -0.02473000
 0.00234000  -0.02768000
 0.00275000  -0.03067000
 0.00327000  -0.03368000
 0.00386000  -0.03674000
 0.00448000  -0.03984000
 0.00520000  -0.04297000
 0.00601000  -0.04612000
 0.00691000  -0.04930000
 0.00789000  -0.05250000
 0.00893000  -0.05571000
 0.01012000  -0.05892000
 0.01134000  -0.06215000
 0.01272000  -0.06537000
 0.01411000  -0.06861000
 0.01559000  -0.07186000
 0.01718000  -0.07510000
 0.01880000  -0.07836000
 0.02059000  -0.08156000
 0.02233000  -0.08484000
 0.02425000  -0.08808000
 0.02624000  -0.09136000
 0.02834000  -0.09463000
 0.03054000  -0.09790000
 0.03283000  -0.10119000
 0.03531000  -0.10444000
 0.03785000  -0.10773000
 0.04052000  -0.11100000
 0.04329000  -0.11428000
 0.04614000  -0.11759000
 0.04922000  -0.12083000
 0.05240000  -0.12411000
 0.05570000  -0.12740000
 0.05913000  -0.13066000
 0.06266000  -0.13393000
 0.06631000  -0.13719000
 0.07006000  -0.14042000
 0.07395000  -0.14358000
 0.07795000  -0.14669000
 0.08202000  -0.14977000
 0.08618000  -0.15279000
 0.09046000  -0.15574000
 0.09481000  -0.15865000
 0.09927000  -0.16149000
 0.10384000  -0.16427000
 0.10849000  -0.16710000
 0.11335000  -0.16982000
 0.11835000  -0.17257000
 0.12351000  -0.17530000
 0.12882000  -0.17803000
 0.13433000  -0.18067000
 0.13999000  -0.18329000
 0.14582000  -0.18588000
 0.15184000  -0.18846000
 0.15809000  -0.19100000
 0.16453000  -0.19354000
 0.17119000  -0.19596000
 0.17803000  -0.19836000
 0.18502000  -0.20076000
 0.19218000  -0.20303000
 0.19948000  -0.20521000
 0.20683000  -0.20732000
 0.21422000  -0.20922000
 0.22157000  -0.21113000
 0.22895000  -0.21287000
 0.23635000  -0.21445000
 0.24369000  -0.21608000
 0.25112000  -0.21749000
 0.25864000  -0.21885000
 0.26625000  -0.22003000
 0.27386000  -0.22128000
 0.28151000  -0.22235000
 0.28920000  -0.22323000
 0.29690000  -0.22412000
 0.30467000  -0.22485000
 0.31255000  -0.22561000
 0.32059000  -0.22613000
 0.32879000  -0.22668000
 0.33718000  -0.22708000
 0.34570000  -0.22730000
 0.35430000  -0.22743000
 0.36287000  -0.22755000
 0.37132000  -0.22743000
 0.37974000  -0.22739000
 0.38831000  -0.22706000
 0.39712000  -0.22666000
 0.40615000  -0.22610000
 0.41533000  -0.22546000
 0.42461000  -0.22464000
 0.43391000  -0.22379000
 0.44311000  -0.22269000
 0.45232000  -0.22163000
 0.46144000  -0.22030000
 0.47059000  -0.21890000
 0.47973000  -0.21741000
 0.48878000  -0.21590000
 0.49770000  -0.21418000
 0.50658000  -0.21240000
 0.51546000  -0.21048000
 0.52431000  -0.20861000
 0.53312000  -0.20641000
 0.54200000  -0.20432000
 0.55088000  -0.20202000
 0.55984000  -0.19956000
 0.56889000  -0.19710000
 0.57804000  -0.19450000
 0.58731000  -0.19167000
 0.59681000  -0.18875000
 0.60645000  -0.18573000
 0.61611000  -0.18253000
 0.62577000  -0.17924000
 0.63550000  -0.17586000
 0.64541000  -0.17236000
 0.65546000  -0.16865000
 0.66572000  -0.16487000
 0.67611000  -0.16081000
 0.68669000  -0.15667000
 0.69748000  -0.15248000
 0.70859000  -0.14798000
 0.72021000  -0.14330000
 0.73222000  -0.13834000
 0.74461000  -0.13321000
 0.75744000  -0.12796000
 0.77073000  -0.12256000
 0.78430000  -0.11705000
 0.79784000  -0.11161000
 0.81120000  -0.10643000
 0.82433000  -0.10156000
 0.83730000  -0.09686000
 0.85014000  -0.09235000
 0.86284000  -0.08815000
 0.87535000  -0.08416000
 0.88787000  -0.08052000
 0.90036000  -0.07717000
 0.91283000  -0.07415000
 0.92528000  -0.07152000
 0.93778000  -0.06924000
 0.95025000  -0.06731000
 0.96285000  -0.06580000
 0.97596000  -0.06495000
 0.98990000  -0.06466000
 1.00000000  -0.06492000
