Cylinder2_coords
       400   NumCoords         ! Number of coordinates including the reference point.
! x-y coordinate of airfoil reference
0.25        0
! coordinates of airfoil shape
 1.00000000   0.00000000
 0.99660000   0.05821000
 0.99314000   0.08254000
 0.98961000   0.10140000
 0.98601000   0.11745000
 0.98235000   0.13168000
 0.97863000   0.14461000
 0.97484000   0.15661000
 0.97098000   0.16786000
 0.96706000   0.17848000
 0.96307000   0.18859000
 0.95902000   0.19824000
 0.95490000   0.20752000
 0.95072000   0.21645000
 0.94647000   0.22509000
 0.94216000   0.23344000
 0.93778000   0.24155000
 0.93333000   0.24945000
 0.92882000   0.25712000
 0.92425000   0.26460000
 0.91961000   0.27190000
 0.91490000   0.27903000
 0.91013000   0.28599000
 0.90529000   0.29281000
 0.90039000   0.29948000
 0.89542000   0.30601000
 0.89039000   0.31240000
 0.88529000   0.31867000
 0.88013000   0.32481000
 0.87490000   0.33083000
 0.86961000   0.33673000
 0.86425000   0.34252000
 0.85882000   0.34821000
 0.85333000   0.35378000
 0.84778000   0.35923000
 0.84216000   0.36459000
 0.83647000   0.36985000
 0.83072000   0.37500000
 0.82490000   0.38005000
 0.81902000   0.38500000
 0.81307000   0.38986000
 0.80706000   0.39461000
 0.80098000   0.39926000
 0.79484000   0.40382000
 0.78863000   0.40828000
 0.78235000   0.41265000
 0.77601000   0.41691000
 0.76961000   0.42108000
 0.76314000   0.42516000
 0.75660000   0.42913000
 0.75000000   0.43301000
 0.74333000   0.43680000
 0.73667000   0.44044000
 0.73000000   0.44396000
 0.72333000   0.44735000
 0.71667000   0.45061000
 0.71000000   0.45376000
 0.70333000   0.45679000
 0.69667000   0.45970000
 0.69000000   0.46249000
 0.68333000   0.46518000
 0.67667000   0.46775000
 0.67000000   0.47021000
 0.66333000   0.47257000
 0.65667000   0.47482000
 0.65000000   0.47697000
 0.64333000   0.47902000
 0.63667000   0.48096000
 0.63000000   0.48280000
 0.62333000   0.48455000
 0.61667000   0.48620000
 0.61000000   0.48775000
 0.60333000   0.48921000
 0.59667000   0.49057000
 0.59000000   0.49183000
 0.58333000   0.49301000
 0.57667000   0.49409000
 0.57000000   0.49508000
 0.56333000   0.49597000
 0.55667000   0.49678000
 0.55000000   0.49749000
 0.54333000   0.49812000
 0.53667000   0.49865000
 0.53000000   0.49910000
 0.52333000   0.49945000
 0.51667000   0.49972000
 0.51000000   0.49990000
 0.50333000   0.49999000
 0.49667000   0.49999000
 0.49000000   0.49990000
 0.48333000   0.49972000
 0.47667000   0.49945000
 0.47000000   0.49910000
 0.46333000   0.49865000
 0.45667000   0.49812000
 0.45000000   0.49749000
 0.44333000   0.49678000
 0.43667000   0.49597000
 0.43000000   0.49508000
 0.42333000   0.49409000
 0.41667000   0.49301000
 0.41000000   0.49183000
 0.40333000   0.49057000
 0.39667000   0.48921000
 0.39000000   0.48775000
 0.38333000   0.48620000
 0.37667000   0.48455000
 0.37000000   0.48280000
 0.36333000   0.48096000
 0.35667000   0.47902000
 0.35000000   0.47697000
 0.34333000   0.47482000
 0.33667000   0.47257000
 0.33000000   0.47021000
 0.32333000   0.46775000
 0.31667000   0.46518000
 0.31000000   0.46249000
 0.30333000   0.45970000
 0.29667000   0.45679000
 0.29000000   0.45376000
 0.28333000   0.45061000
 0.27667000   0.44735000
 0.27000000   0.44396000
 0.26333000   0.44044000
 0.25667000   0.43680000
 0.25000000   0.43301000
 0.24342000   0.42915000
 0.23693000   0.42520000
 0.23053000   0.42117000
 0.22421000   0.41706000
 0.21798000   0.41287000
 0.21184000   0.40861000
 0.20579000   0.40428000
 0.19982000   0.39987000
 0.19395000   0.39539000
 0.18816000   0.39084000
 0.18245000   0.38621000
 0.17684000   0.38153000
 0.17131000   0.37678000
 0.16587000   0.37196000
 0.16052000   0.36709000
 0.15526000   0.36215000
 0.15008000   0.35715000
 0.14499000   0.35209000
 0.13999000   0.34698000
 0.13508000   0.34181000
 0.13026000   0.33659000
 0.12552000   0.33131000
 0.12087000   0.32598000
 0.11631000   0.32060000
 0.11183000   0.31516000
 0.10745000   0.30968000
 0.10315000   0.30416000
 0.09893000   0.29857000
 0.09481000   0.29295000
 0.09077000   0.28728000
 0.08683000   0.28159000
 0.08297000   0.27584000
 0.07919000   0.27004000
 0.07551000   0.26421000
 0.07191000   0.25834000
 0.06840000   0.25243000
 0.06498000   0.24649000
 0.06164000   0.24050000
 0.05840000   0.23450000
 0.05524000   0.22845000
 0.05217000   0.22237000
 0.04918000   0.21624000
 0.04629000   0.21011000
 0.04348000   0.20394000
 0.04076000   0.19773000
 0.03812000   0.19149000
 0.03558000   0.18524000
 0.03312000   0.17895000
 0.03075000   0.17264000
 0.02847000   0.16631000
 0.02627000   0.15994000
 0.02417000   0.15358000
 0.02215000   0.14717000
 0.02022000   0.14075000
 0.01837000   0.13428000
 0.01662000   0.12784000
 0.01495000   0.12135000
 0.01337000   0.11485000
 0.01187000   0.10830000
 0.01047000   0.10179000
 0.00915000   0.09522000
 0.00792000   0.08864000
 0.00678000   0.08206000
 0.00572000   0.07541000
 0.00476000   0.06883000
 0.00388000   0.06217000
 0.00309000   0.05550000
 0.00238000   0.04873000
 0.00177000   0.04203000
 0.00124000   0.03519000
 0.00080000   0.02827000
 0.00044000   0.02097000
 0.00018000   0.01341000
 0.00000000   0.00000000
 0.00018000  -0.01341000
 0.00044000  -0.02097000
 0.00080000  -0.02827000
 0.00124000  -0.03519000
 0.00177000  -0.04203000
 0.00238000  -0.04873000
 0.00309000  -0.05550000
 0.00388000  -0.06217000
 0.00476000  -0.06883000
 0.00572000  -0.07541000
 0.00678000  -0.08206000
 0.00792000  -0.08864000
 0.00915000  -0.09522000
 0.01047000  -0.10179000
 0.01187000  -0.10830000
 0.01337000  -0.11485000
 0.01495000  -0.12135000
 0.01662000  -0.12784000
 0.01837000  -0.13428000
 0.02022000  -0.14075000
 0.02215000  -0.14717000
 0.02417000  -0.15358000
 0.02627000  -0.15994000
 0.02847000  -0.16631000
 0.03075000  -0.17264000
 0.03312000  -0.17895000
 0.03558000  -0.18524000
 0.03812000  -0.19149000
 0.04076000  -0.19773000
 0.04348000  -0.20394000
 0.04629000  -0.21011000
 0.04918000  -0.21624000
 0.05217000  -0.22237000
 0.05524000  -0.22845000
 0.05840000  -0.23450000
 0.06164000  -0.24050000
 0.06498000  -0.24649000
 0.06840000  -0.25243000
 0.07191000  -0.25834000
 0.07551000  -0.26421000
 0.07919000  -0.27004000
 0.08297000  -0.27584000
 0.08683000  -0.28159000
 0.09077000  -0.28728000
 0.09481000  -0.29295000
 0.09893000  -0.29857000
 0.10315000  -0.30416000
 0.10745000  -0.30968000
 0.11183000  -0.31516000
 0.11631000  -0.32060000
 0.12087000  -0.32598000
 0.12552000  -0.33131000
 0.13026000  -0.33659000
 0.13508000  -0.34181000
 0.13999000  -0.34698000
 0.14499000  -0.35209000
 0.15008000  -0.35715000
 0.15526000  -0.36215000
 0.16052000  -0.36709000
 0.16587000  -0.37196000
 0.17131000  -0.37678000
 0.17684000  -0.38153000
 0.18245000  -0.38621000
 0.18816000  -0.39084000
 0.19395000  -0.39539000
 0.19982000  -0.39987000
 0.20579000  -0.40428000
 0.21184000  -0.40861000
 0.21798000  -0.41287000
 0.22421000  -0.41706000
 0.23053000  -0.42117000
 0.23693000  -0.42520000
 0.24342000  -0.42915000
 0.25000000  -0.43301000
 0.25667000  -0.43680000
 0.26333000  -0.44044000
 0.27000000  -0.44396000
 0.27667000  -0.44735000
 0.28333000  -0.45061000
 0.29000000  -0.45376000
 0.29667000  -0.45679000
 0.30333000  -0.45970000
 0.31000000  -0.46249000
 0.31667000  -0.46518000
 0.32333000  -0.46775000
 0.33000000  -0.47021000
 0.33667000  -0.47257000
 0.34333000  -0.47482000
 0.35000000  -0.47697000
 0.35667000  -0.47902000
 0.36333000  -0.48096000
 0.37000000  -0.48280000
 0.37667000  -0.48455000
 0.38333000  -0.48620000
 0.39000000  -0.48775000
 0.39667000  -0.48921000
 0.40333000  -0.49057000
 0.41000000  -0.49183000
 0.41667000  -0.49301000
 0.42333000  -0.49409000
 0.43000000  -0.49508000
 0.43667000  -0.49597000
 0.44333000  -0.49678000
 0.45000000  -0.49749000
 0.45667000  -0.49812000
 0.46333000  -0.49865000
 0.47000000  -0.49910000
 0.47667000  -0.49945000
 0.48333000  -0.49972000
 0.49000000  -0.49990000
 0.49667000  -0.49999000
 0.50333000  -0.49999000
 0.51000000  -0.49990000
 0.51667000  -0.49972000
 0.52333000  -0.49945000
 0.53000000  -0.49910000
 0.53667000  -0.49865000
 0.54333000  -0.49812000
 0.55000000  -0.49749000
 0.55667000  -0.49678000
 0.56333000  -0.49597000
 0.57000000  -0.49508000
 0.57667000  -0.49409000
 0.58333000  -0.49301000
 0.59000000  -0.49183000
 0.59667000  -0.49057000
 0.60333000  -0.48921000
 0.61000000  -0.48775000
 0.61667000  -0.48620000
 0.62333000  -0.48455000
 0.63000000  -0.48280000
 0.63667000  -0.48096000
 0.64333000  -0.47902000
 0.65000000  -0.47697000
 0.65667000  -0.47482000
 0.66333000  -0.47257000
 0.67000000  -0.47021000
 0.67667000  -0.46775000
 0.68333000  -0.46518000
 0.69000000  -0.46249000
 0.69667000  -0.45970000
 0.70333000  -0.45679000
 0.71000000  -0.45376000
 0.71667000  -0.45061000
 0.72333000  -0.44735000
 0.73000000  -0.44396000
 0.73667000  -0.44044000
 0.74333000  -0.43680000
 0.75000000  -0.43301000
 0.75660000  -0.42913000
 0.76314000  -0.42516000
 0.76961000  -0.42108000
 0.77601000  -0.41691000
 0.78235000  -0.41265000
 0.78863000  -0.40828000
 0.79484000  -0.40382000
 0.80098000  -0.39926000
 0.80706000  -0.39461000
 0.81307000  -0.38986000
 0.81902000  -0.38500000
 0.82490000  -0.38005000
 0.83072000  -0.37500000
 0.83647000  -0.36985000
 0.84216000  -0.36459000
 0.84778000  -0.35923000
 0.85333000  -0.35378000
 0.85882000  -0.34821000
 0.86425000  -0.34252000
 0.86961000  -0.33673000
 0.87490000  -0.33083000
 0.88013000  -0.32481000
 0.88529000  -0.31867000
 0.89039000  -0.31240000
 0.89542000  -0.30601000
 0.90039000  -0.29948000
 0.90529000  -0.29281000
 0.91013000  -0.28599000
 0.91490000  -0.27903000
 0.91961000  -0.27190000
 0.92425000  -0.26460000
 0.92882000  -0.25712000
 0.93333000  -0.24945000
 0.93778000  -0.24155000
 0.94216000  -0.23344000
 0.94647000  -0.22509000
 0.95072000  -0.21645000
 0.95490000  -0.20752000
 0.95902000  -0.19824000
 0.96307000  -0.18859000
 0.96706000  -0.17848000
 0.97098000  -0.16786000
 0.97484000  -0.15661000
 0.97863000  -0.14461000
 0.98235000  -0.13168000
 0.98601000  -0.11745000
 0.98961000  -0.10140000
 0.99314000  -0.08254000
 0.99660000  -0.05821000
 1.00000000   0.00000000
