DU21_A17_coords
       400   NumCoords         ! Number of coordinates including the reference point.
! x-y coordinate of airfoil reference
0.25        0
! coordinates of airfoil shape
 1.00000000   0.00194000
 0.99660000   0.00304000
 0.99314000   0.00411000
 0.98961000   0.00516000
 0.98601000   0.00618000
 0.98235000   0.00720000
 0.97863000   0.00823000
 0.97484000   0.00927000
 0.97098000   0.01033000
 0.96706000   0.01139000
 0.96307000   0.01246000
 0.95902000   0.01354000
 0.95490000   0.01463000
 0.95072000   0.01573000
 0.94647000   0.01684000
 0.94216000   0.01797000
 0.93778000   0.01911000
 0.93333000   0.02026000
 0.92882000   0.02142000
 0.92425000   0.02260000
 0.91961000   0.02379000
 0.91490000   0.02499000
 0.91013000   0.02621000
 0.90529000   0.02744000
 0.90039000   0.02869000
 0.89542000   0.02995000
 0.89039000   0.03122000
 0.88529000   0.03250000
 0.88013000   0.03379000
 0.87490000   0.03510000
 0.86961000   0.03643000
 0.86425000   0.03776000
 0.85882000   0.03912000
 0.85333000   0.04048000
 0.84778000   0.04186000
 0.84216000   0.04326000
 0.83647000   0.04466000
 0.83072000   0.04608000
 0.82490000   0.04752000
 0.81902000   0.04896000
 0.81307000   0.05041000
 0.80706000   0.05188000
 0.80098000   0.05336000
 0.79484000   0.05484000
 0.78863000   0.05634000
 0.78235000   0.05784000
 0.77601000   0.05936000
 0.76961000   0.06088000
 0.76314000   0.06242000
 0.75660000   0.06396000
 0.75000000   0.06550000
 0.74333000   0.06706000
 0.73667000   0.06860000
 0.73000000   0.07014000
 0.72333000   0.07167000
 0.71667000   0.07320000
 0.71000000   0.07472000
 0.70333000   0.07624000
 0.69667000   0.07774000
 0.69000000   0.07924000
 0.68333000   0.08072000
 0.67667000   0.08220000
 0.67000000   0.08366000
 0.66333000   0.08511000
 0.65667000   0.08655000
 0.65000000   0.08798000
 0.64333000   0.08940000
 0.63667000   0.09080000
 0.63000000   0.09220000
 0.62333000   0.09357000
 0.61667000   0.09492000
 0.61000000   0.09626000
 0.60333000   0.09759000
 0.59667000   0.09889000
 0.59000000   0.10017000
 0.58333000   0.10143000
 0.57667000   0.10267000
 0.57000000   0.10389000
 0.56333000   0.10509000
 0.55667000   0.10627000
 0.55000000   0.10742000
 0.54333000   0.10854000
 0.53667000   0.10964000
 0.53000000   0.11071000
 0.52333000   0.11175000
 0.51667000   0.11277000
 0.51000000   0.11375000
 0.50333000   0.11470000
 0.49667000   0.11562000
 0.49000000   0.11650000
 0.48333000   0.11734000
 0.47667000   0.11813000
 0.47000000   0.11889000
 0.46333000   0.11960000
 0.45667000   0.12027000
 0.45000000   0.12089000
 0.44333000   0.12147000
 0.43667000   0.12200000
 0.43000000   0.12249000
 0.42333000   0.12292000
 0.41667000   0.12331000
 0.41000000   0.12365000
 0.40333000   0.12394000
 0.39667000   0.12418000
 0.39000000   0.12436000
 0.38333000   0.12449000
 0.37667000   0.12457000
 0.37000000   0.12459000
 0.36333000   0.12455000
 0.35667000   0.12446000
 0.35000000   0.12431000
 0.34333000   0.12411000
 0.33667000   0.12385000
 0.33000000   0.12353000
 0.32333000   0.12317000
 0.31667000   0.12275000
 0.31000000   0.12228000
 0.30333000   0.12175000
 0.29667000   0.12117000
 0.29000000   0.12053000
 0.28333000   0.11984000
 0.27667000   0.11910000
 0.27000000   0.11829000
 0.26333000   0.11744000
 0.25667000   0.11653000
 0.25000000   0.11557000
 0.24342000   0.11456000
 0.23693000   0.11351000
 0.23053000   0.11243000
 0.22421000   0.11130000
 0.21798000   0.11015000
 0.21184000   0.10896000
 0.20579000   0.10773000
 0.19982000   0.10648000
 0.19395000   0.10520000
 0.18816000   0.10389000
 0.18245000   0.10255000
 0.17684000   0.10119000
 0.17131000   0.09980000
 0.16587000   0.09839000
 0.16052000   0.09696000
 0.15526000   0.09550000
 0.15008000   0.09403000
 0.14499000   0.09254000
 0.13999000   0.09103000
 0.13508000   0.08950000
 0.13026000   0.08796000
 0.12552000   0.08641000
 0.12087000   0.08483000
 0.11631000   0.08325000
 0.11183000   0.08165000
 0.10745000   0.08004000
 0.10315000   0.07843000
 0.09893000   0.07679000
 0.09481000   0.07516000
 0.09077000   0.07351000
 0.08683000   0.07186000
 0.08297000   0.07021000
 0.07919000   0.06854000
 0.07551000   0.06687000
 0.07191000   0.06520000
 0.06840000   0.06353000
 0.06498000   0.06185000
 0.06164000   0.06017000
 0.05840000   0.05850000
 0.05524000   0.05682000
 0.05217000   0.05515000
 0.04918000   0.05348000
 0.04629000   0.05181000
 0.04348000   0.05015000
 0.04076000   0.04849000
 0.03812000   0.04683000
 0.03558000   0.04519000
 0.03312000   0.04356000
 0.03075000   0.04194000
 0.02847000   0.04033000
 0.02627000   0.03874000
 0.02417000   0.03716000
 0.02215000   0.03560000
 0.02022000   0.03404000
 0.01837000   0.03249000
 0.01662000   0.03094000
 0.01495000   0.02940000
 0.01337000   0.02785000
 0.01187000   0.02630000
 0.01047000   0.02476000
 0.00915000   0.02322000
 0.00792000   0.02169000
 0.00678000   0.02017000
 0.00572000   0.01864000
 0.00476000   0.01713000
 0.00388000   0.01562000
 0.00309000   0.01410000
 0.00238000   0.01253000
 0.00177000   0.01094000
 0.00124000   0.00923000
 0.00080000   0.00740000
 0.00044000   0.00537000
 0.00018000   0.00333000
 0.00000000   0.00000000
 0.00018000  -0.00292000
 0.00044000  -0.00443000
 0.00080000  -0.00589000
 0.00124000  -0.00727000
 0.00177000  -0.00864000
 0.00238000  -0.00998000
 0.00309000  -0.01134000
 0.00388000  -0.01266000
 0.00476000  -0.01397000
 0.00572000  -0.01526000
 0.00678000  -0.01656000
 0.00792000  -0.01785000
 0.00915000  -0.01914000
 0.01047000  -0.02044000
 0.01187000  -0.02174000
 0.01337000  -0.02306000
 0.01495000  -0.02438000
 0.01662000  -0.02571000
 0.01837000  -0.02705000
 0.02022000  -0.02841000
 0.02215000  -0.02976000
 0.02417000  -0.03112000
 0.02627000  -0.03248000
 0.02847000  -0.03384000
 0.03075000  -0.03520000
 0.03312000  -0.03655000
 0.03558000  -0.03789000
 0.03812000  -0.03923000
 0.04076000  -0.04056000
 0.04348000  -0.04188000
 0.04629000  -0.04319000
 0.04918000  -0.04449000
 0.05217000  -0.04579000
 0.05524000  -0.04708000
 0.05840000  -0.04836000
 0.06164000  -0.04963000
 0.06498000  -0.05089000
 0.06840000  -0.05215000
 0.07191000  -0.05340000
 0.07551000  -0.05464000
 0.07919000  -0.05587000
 0.08297000  -0.05709000
 0.08683000  -0.05831000
 0.09077000  -0.05951000
 0.09481000  -0.06071000
 0.09893000  -0.06189000
 0.10315000  -0.06306000
 0.10745000  -0.06422000
 0.11183000  -0.06536000
 0.11631000  -0.06648000
 0.12087000  -0.06759000
 0.12552000  -0.06868000
 0.13026000  -0.06975000
 0.13508000  -0.07079000
 0.13999000  -0.07182000
 0.14499000  -0.07282000
 0.15008000  -0.07380000
 0.15526000  -0.07476000
 0.16052000  -0.07568000
 0.16587000  -0.07658000
 0.17131000  -0.07746000
 0.17684000  -0.07830000
 0.18245000  -0.07911000
 0.18816000  -0.07989000
 0.19395000  -0.08063000
 0.19982000  -0.08134000
 0.20579000  -0.08201000
 0.21184000  -0.08264000
 0.21798000  -0.08324000
 0.22421000  -0.08380000
 0.23053000  -0.08432000
 0.23693000  -0.08479000
 0.24342000  -0.08523000
 0.25000000  -0.08561000
 0.25667000  -0.08595000
 0.26333000  -0.08624000
 0.27000000  -0.08648000
 0.27667000  -0.08667000
 0.28333000  -0.08680000
 0.29000000  -0.08689000
 0.29667000  -0.08693000
 0.30333000  -0.08692000
 0.31000000  -0.08686000
 0.31667000  -0.08676000
 0.32333000  -0.08660000
 0.33000000  -0.08640000
 0.33667000  -0.08615000
 0.34333000  -0.08586000
 0.35000000  -0.08553000
 0.35667000  -0.08515000
 0.36333000  -0.08473000
 0.37000000  -0.08427000
 0.37667000  -0.08376000
 0.38333000  -0.08322000
 0.39000000  -0.08263000
 0.39667000  -0.08200000
 0.40333000  -0.08134000
 0.41000000  -0.08062000
 0.41667000  -0.07987000
 0.42333000  -0.07908000
 0.43000000  -0.07824000
 0.43667000  -0.07736000
 0.44333000  -0.07644000
 0.45000000  -0.07548000
 0.45667000  -0.07448000
 0.46333000  -0.07343000
 0.47000000  -0.07235000
 0.47667000  -0.07122000
 0.48333000  -0.07006000
 0.49000000  -0.06886000
 0.49667000  -0.06763000
 0.50333000  -0.06636000
 0.51000000  -0.06506000
 0.51667000  -0.06373000
 0.52333000  -0.06237000
 0.53000000  -0.06097000
 0.53667000  -0.05955000
 0.54333000  -0.05810000
 0.55000000  -0.05663000
 0.55667000  -0.05513000
 0.56333000  -0.05361000
 0.57000000  -0.05207000
 0.57667000  -0.05050000
 0.58333000  -0.04892000
 0.59000000  -0.04732000
 0.59667000  -0.04571000
 0.60333000  -0.04408000
 0.61000000  -0.04243000
 0.61667000  -0.04078000
 0.62333000  -0.03911000
 0.63000000  -0.03744000
 0.63667000  -0.03576000
 0.64333000  -0.03409000
 0.65000000  -0.03241000
 0.65667000  -0.03073000
 0.66333000  -0.02906000
 0.67000000  -0.02740000
 0.67667000  -0.02574000
 0.68333000  -0.02411000
 0.69000000  -0.02248000
 0.69667000  -0.02088000
 0.70333000  -0.01930000
 0.71000000  -0.01774000
 0.71667000  -0.01620000
 0.72333000  -0.01470000
 0.73000000  -0.01323000
 0.73667000  -0.01179000
 0.74333000  -0.01039000
 0.75000000  -0.00903000
 0.75660000  -0.00772000
 0.76314000  -0.00647000
 0.76961000  -0.00528000
 0.77601000  -0.00416000
 0.78235000  -0.00308000
 0.78863000  -0.00207000
 0.79484000  -0.00112000
 0.80098000  -0.00023000
 0.80706000   0.00060000
 0.81307000   0.00136000
 0.81902000   0.00207000
 0.82490000   0.00273000
 0.83072000   0.00333000
 0.83647000   0.00387000
 0.84216000   0.00435000
 0.84778000   0.00479000
 0.85333000   0.00517000
 0.85882000   0.00550000
 0.86425000   0.00578000
 0.86961000   0.00601000
 0.87490000   0.00620000
 0.88013000   0.00633000
 0.88529000   0.00643000
 0.89039000   0.00648000
 0.89542000   0.00649000
 0.90039000   0.00646000
 0.90529000   0.00639000
 0.91013000   0.00628000
 0.91490000   0.00613000
 0.91961000   0.00595000
 0.92425000   0.00574000
 0.92882000   0.00550000
 0.93333000   0.00523000
 0.93778000   0.00494000
 0.94216000   0.00462000
 0.94647000   0.00428000
 0.95072000   0.00392000
 0.95490000   0.00355000
 0.95902000   0.00315000
 0.96307000   0.00275000
 0.96706000   0.00233000
 0.97098000   0.00189000
 0.97484000   0.00145000
 0.97863000   0.00099000
 0.98235000   0.00053000
 0.98601000   0.00005000
 0.98961000  -0.00044000
 0.99314000  -0.00094000
 0.99660000  -0.00143000
 1.00000000  -0.00194000
