DU25_A17_coords
       400   NumCoords         ! Number of coordinates including the reference point.
! x-y coordinate of airfoil reference
0.25        0
! coordinates of airfoil shape
 1.00000000   0.00213000
 0.99660000   0.00314000
 0.99314000   0.00414000
 0.98961000   0.00515000
 0.98601000   0.00617000
 0.98235000   0.00720000
 0.97863000   0.00822000
 0.97484000   0.00926000
 0.97098000   0.01030000
 0.96706000   0.01135000
 0.96307000   0.01240000
 0.95902000   0.01347000
 0.95490000   0.01454000
 0.95072000   0.01562000
 0.94647000   0.01672000
 0.94216000   0.01783000
 0.93778000   0.01895000
 0.93333000   0.02009000
 0.92882000   0.02125000
 0.92425000   0.02241000
 0.91961000   0.02359000
 0.91490000   0.02479000
 0.91013000   0.02600000
 0.90529000   0.02722000
 0.90039000   0.02846000
 0.89542000   0.02972000
 0.89039000   0.03099000
 0.88529000   0.03227000
 0.88013000   0.03357000
 0.87490000   0.03489000
 0.86961000   0.03622000
 0.86425000   0.03756000
 0.85882000   0.03892000
 0.85333000   0.04029000
 0.84778000   0.04167000
 0.84216000   0.04306000
 0.83647000   0.04447000
 0.83072000   0.04589000
 0.82490000   0.04732000
 0.81902000   0.04877000
 0.81307000   0.05023000
 0.80706000   0.05170000
 0.80098000   0.05319000
 0.79484000   0.05468000
 0.78863000   0.05619000
 0.78235000   0.05771000
 0.77601000   0.05925000
 0.76961000   0.06078000
 0.76314000   0.06233000
 0.75660000   0.06388000
 0.75000000   0.06544000
 0.74333000   0.06701000
 0.73667000   0.06857000
 0.73000000   0.07013000
 0.72333000   0.07168000
 0.71667000   0.07322000
 0.71000000   0.07475000
 0.70333000   0.07628000
 0.69667000   0.07779000
 0.69000000   0.07930000
 0.68333000   0.08080000
 0.67667000   0.08228000
 0.67000000   0.08375000
 0.66333000   0.08522000
 0.65667000   0.08667000
 0.65000000   0.08810000
 0.64333000   0.08953000
 0.63667000   0.09093000
 0.63000000   0.09233000
 0.62333000   0.09371000
 0.61667000   0.09507000
 0.61000000   0.09642000
 0.60333000   0.09775000
 0.59667000   0.09906000
 0.59000000   0.10035000
 0.58333000   0.10163000
 0.57667000   0.10289000
 0.57000000   0.10413000
 0.56333000   0.10535000
 0.55667000   0.10655000
 0.55000000   0.10773000
 0.54333000   0.10888000
 0.53667000   0.11001000
 0.53000000   0.11112000
 0.52333000   0.11221000
 0.51667000   0.11327000
 0.51000000   0.11430000
 0.50333000   0.11530000
 0.49667000   0.11628000
 0.49000000   0.11723000
 0.48333000   0.11815000
 0.47667000   0.11904000
 0.47000000   0.11991000
 0.46333000   0.12074000
 0.45667000   0.12154000
 0.45000000   0.12230000
 0.44333000   0.12303000
 0.43667000   0.12372000
 0.43000000   0.12436000
 0.42333000   0.12497000
 0.41667000   0.12554000
 0.41000000   0.12606000
 0.40333000   0.12655000
 0.39667000   0.12699000
 0.39000000   0.12738000
 0.38333000   0.12773000
 0.37667000   0.12803000
 0.37000000   0.12828000
 0.36333000   0.12846000
 0.35667000   0.12858000
 0.35000000   0.12864000
 0.34333000   0.12862000
 0.33667000   0.12853000
 0.33000000   0.12837000
 0.32333000   0.12815000
 0.31667000   0.12785000
 0.31000000   0.12749000
 0.30333000   0.12705000
 0.29667000   0.12656000
 0.29000000   0.12600000
 0.28333000   0.12538000
 0.27667000   0.12469000
 0.27000000   0.12394000
 0.26333000   0.12312000
 0.25667000   0.12224000
 0.25000000   0.12130000
 0.24342000   0.12030000
 0.23693000   0.11926000
 0.23053000   0.11817000
 0.22421000   0.11704000
 0.21798000   0.11586000
 0.21184000   0.11465000
 0.20579000   0.11340000
 0.19982000   0.11210000
 0.19395000   0.11078000
 0.18816000   0.10942000
 0.18245000   0.10803000
 0.17684000   0.10660000
 0.17131000   0.10515000
 0.16587000   0.10367000
 0.16052000   0.10217000
 0.15526000   0.10064000
 0.15008000   0.09909000
 0.14499000   0.09751000
 0.13999000   0.09591000
 0.13508000   0.09430000
 0.13026000   0.09266000
 0.12552000   0.09101000
 0.12087000   0.08934000
 0.11631000   0.08765000
 0.11183000   0.08595000
 0.10745000   0.08424000
 0.10315000   0.08251000
 0.09893000   0.08076000
 0.09481000   0.07902000
 0.09077000   0.07725000
 0.08683000   0.07549000
 0.08297000   0.07371000
 0.07919000   0.07192000
 0.07551000   0.07013000
 0.07191000   0.06834000
 0.06840000   0.06654000
 0.06498000   0.06474000
 0.06164000   0.06293000
 0.05840000   0.06113000
 0.05524000   0.05933000
 0.05217000   0.05753000
 0.04918000   0.05573000
 0.04629000   0.05393000
 0.04348000   0.05214000
 0.04076000   0.05035000
 0.03812000   0.04856000
 0.03558000   0.04679000
 0.03312000   0.04502000
 0.03075000   0.04326000
 0.02847000   0.04151000
 0.02627000   0.03976000
 0.02417000   0.03804000
 0.02215000   0.03632000
 0.02022000   0.03462000
 0.01837000   0.03293000
 0.01662000   0.03126000
 0.01495000   0.02961000
 0.01337000   0.02797000
 0.01187000   0.02635000
 0.01047000   0.02475000
 0.00915000   0.02317000
 0.00792000   0.02161000
 0.00678000   0.02007000
 0.00572000   0.01855000
 0.00476000   0.01706000
 0.00388000   0.01557000
 0.00309000   0.01409000
 0.00238000   0.01261000
 0.00177000   0.01110000
 0.00124000   0.00945000
 0.00080000   0.00766000
 0.00044000   0.00568000
 0.00018000   0.00363000
 0.00000000   0.00000000
 0.00018000  -0.00360000
 0.00044000  -0.00572000
 0.00080000  -0.00778000
 0.00124000  -0.00974000
 0.00177000  -0.01169000
 0.00238000  -0.01359000
 0.00309000  -0.01549000
 0.00388000  -0.01736000
 0.00476000  -0.01921000
 0.00572000  -0.02104000
 0.00678000  -0.02288000
 0.00792000  -0.02470000
 0.00915000  -0.02652000
 0.01047000  -0.02835000
 0.01187000  -0.03019000
 0.01337000  -0.03205000
 0.01495000  -0.03392000
 0.01662000  -0.03581000
 0.01837000  -0.03770000
 0.02022000  -0.03961000
 0.02215000  -0.04153000
 0.02417000  -0.04345000
 0.02627000  -0.04537000
 0.02847000  -0.04730000
 0.03075000  -0.04921000
 0.03312000  -0.05112000
 0.03558000  -0.05302000
 0.03812000  -0.05491000
 0.04076000  -0.05679000
 0.04348000  -0.05865000
 0.04629000  -0.06051000
 0.04918000  -0.06234000
 0.05217000  -0.06418000
 0.05524000  -0.06600000
 0.05840000  -0.06780000
 0.06164000  -0.06960000
 0.06498000  -0.07139000
 0.06840000  -0.07316000
 0.07191000  -0.07492000
 0.07551000  -0.07668000
 0.07919000  -0.07842000
 0.08297000  -0.08015000
 0.08683000  -0.08186000
 0.09077000  -0.08356000
 0.09481000  -0.08525000
 0.09893000  -0.08692000
 0.10315000  -0.08858000
 0.10745000  -0.09022000
 0.11183000  -0.09182000
 0.11631000  -0.09342000
 0.12087000  -0.09498000
 0.12552000  -0.09652000
 0.13026000  -0.09803000
 0.13508000  -0.09951000
 0.13999000  -0.10095000
 0.14499000  -0.10237000
 0.15008000  -0.10376000
 0.15526000  -0.10511000
 0.16052000  -0.10642000
 0.16587000  -0.10769000
 0.17131000  -0.10892000
 0.17684000  -0.11011000
 0.18245000  -0.11126000
 0.18816000  -0.11236000
 0.19395000  -0.11341000
 0.19982000  -0.11441000
 0.20579000  -0.11536000
 0.21184000  -0.11626000
 0.21798000  -0.11710000
 0.22421000  -0.11789000
 0.23053000  -0.11862000
 0.23693000  -0.11929000
 0.24342000  -0.11990000
 0.25000000  -0.12045000
 0.25667000  -0.12094000
 0.26333000  -0.12135000
 0.27000000  -0.12168000
 0.27667000  -0.12195000
 0.28333000  -0.12214000
 0.29000000  -0.12227000
 0.29667000  -0.12232000
 0.30333000  -0.12231000
 0.31000000  -0.12222000
 0.31667000  -0.12207000
 0.32333000  -0.12186000
 0.33000000  -0.12157000
 0.33667000  -0.12123000
 0.34333000  -0.12082000
 0.35000000  -0.12034000
 0.35667000  -0.11981000
 0.36333000  -0.11922000
 0.37000000  -0.11857000
 0.37667000  -0.11785000
 0.38333000  -0.11708000
 0.39000000  -0.11625000
 0.39667000  -0.11537000
 0.40333000  -0.11442000
 0.41000000  -0.11342000
 0.41667000  -0.11236000
 0.42333000  -0.11124000
 0.43000000  -0.11006000
 0.43667000  -0.10881000
 0.44333000  -0.10752000
 0.45000000  -0.10615000
 0.45667000  -0.10474000
 0.46333000  -0.10326000
 0.47000000  -0.10173000
 0.47667000  -0.10015000
 0.48333000  -0.09851000
 0.49000000  -0.09682000
 0.49667000  -0.09508000
 0.50333000  -0.09329000
 0.51000000  -0.09145000
 0.51667000  -0.08956000
 0.52333000  -0.08764000
 0.53000000  -0.08567000
 0.53667000  -0.08366000
 0.54333000  -0.08162000
 0.55000000  -0.07953000
 0.55667000  -0.07742000
 0.56333000  -0.07527000
 0.57000000  -0.07309000
 0.57667000  -0.07088000
 0.58333000  -0.06865000
 0.59000000  -0.06639000
 0.59667000  -0.06410000
 0.60333000  -0.06180000
 0.61000000  -0.05948000
 0.61667000  -0.05713000
 0.62333000  -0.05478000
 0.63000000  -0.05242000
 0.63667000  -0.05005000
 0.64333000  -0.04767000
 0.65000000  -0.04530000
 0.65667000  -0.04293000
 0.66333000  -0.04057000
 0.67000000  -0.03822000
 0.67667000  -0.03588000
 0.68333000  -0.03357000
 0.69000000  -0.03127000
 0.69667000  -0.02900000
 0.70333000  -0.02676000
 0.71000000  -0.02456000
 0.71667000  -0.02238000
 0.72333000  -0.02026000
 0.73000000  -0.01817000
 0.73667000  -0.01614000
 0.74333000  -0.01416000
 0.75000000  -0.01223000
 0.75660000  -0.01038000
 0.76314000  -0.00861000
 0.76961000  -0.00692000
 0.77601000  -0.00532000
 0.78235000  -0.00381000
 0.78863000  -0.00238000
 0.79484000  -0.00103000
 0.80098000   0.00023000
 0.80706000   0.00141000
 0.81307000   0.00250000
 0.81902000   0.00351000
 0.82490000   0.00444000
 0.83072000   0.00529000
 0.83647000   0.00606000
 0.84216000   0.00675000
 0.84778000   0.00737000
 0.85333000   0.00791000
 0.85882000   0.00839000
 0.86425000   0.00879000
 0.86961000   0.00913000
 0.87490000   0.00940000
 0.88013000   0.00961000
 0.88529000   0.00975000
 0.89039000   0.00983000
 0.89542000   0.00985000
 0.90039000   0.00982000
 0.90529000   0.00972000
 0.91013000   0.00957000
 0.91490000   0.00936000
 0.91961000   0.00910000
 0.92425000   0.00880000
 0.92882000   0.00844000
 0.93333000   0.00804000
 0.93778000   0.00760000
 0.94216000   0.00712000
 0.94647000   0.00660000
 0.95072000   0.00606000
 0.95490000   0.00549000
 0.95902000   0.00490000
 0.96307000   0.00429000
 0.96706000   0.00367000
 0.97098000   0.00303000
 0.97484000   0.00238000
 0.97863000   0.00173000
 0.98235000   0.00108000
 0.98601000   0.00043000
 0.98961000  -0.00022000
 0.99314000  -0.00086000
 0.99660000  -0.00149000
 1.00000000  -0.00213000
