DU40_A17_coords
       400   NumCoords         ! Number of coordinates including the reference point.
! x-y coordinate of airfoil reference
0.25        0
! coordinates of airfoil shape
 1.00000000   0.00347000
 0.99660000   0.00455000
 0.99314000   0.00565000
 0.98961000   0.00678000
 0.98601000   0.00795000
 0.98235000   0.00914000
 0.97863000   0.01035000
 0.97484000   0.01158000
 0.97098000   0.01283000
 0.96706000   0.01410000
 0.96307000   0.01539000
 0.95902000   0.01670000
 0.95490000   0.01803000
 0.95072000   0.01937000
 0.94647000   0.02074000
 0.94216000   0.02212000
 0.93778000   0.02352000
 0.93333000   0.02495000
 0.92882000   0.02639000
 0.92425000   0.02786000
 0.91961000   0.02936000
 0.91490000   0.03087000
 0.91013000   0.03242000
 0.90529000   0.03400000
 0.90039000   0.03560000
 0.89542000   0.03723000
 0.89039000   0.03887000
 0.88529000   0.04056000
 0.88013000   0.04226000
 0.87490000   0.04399000
 0.86961000   0.04575000
 0.86425000   0.04754000
 0.85882000   0.04935000
 0.85333000   0.05119000
 0.84778000   0.05305000
 0.84216000   0.05493000
 0.83647000   0.05685000
 0.83072000   0.05878000
 0.82490000   0.06076000
 0.81902000   0.06275000
 0.81307000   0.06476000
 0.80706000   0.06680000
 0.80098000   0.06886000
 0.79484000   0.07094000
 0.78863000   0.07304000
 0.78235000   0.07517000
 0.77601000   0.07730000
 0.76961000   0.07947000
 0.76314000   0.08165000
 0.75660000   0.08386000
 0.75000000   0.08608000
 0.74333000   0.08832000
 0.73667000   0.09056000
 0.73000000   0.09279000
 0.72333000   0.09502000
 0.71667000   0.09724000
 0.71000000   0.09946000
 0.70333000   0.10166000
 0.69667000   0.10386000
 0.69000000   0.10605000
 0.68333000   0.10822000
 0.67667000   0.11040000
 0.67000000   0.11256000
 0.66333000   0.11471000
 0.65667000   0.11685000
 0.65000000   0.11897000
 0.64333000   0.12109000
 0.63667000   0.12318000
 0.63000000   0.12527000
 0.62333000   0.12733000
 0.61667000   0.12938000
 0.61000000   0.13142000
 0.60333000   0.13343000
 0.59667000   0.13543000
 0.59000000   0.13742000
 0.58333000   0.13938000
 0.57667000   0.14131000
 0.57000000   0.14323000
 0.56333000   0.14512000
 0.55667000   0.14698000
 0.55000000   0.14882000
 0.54333000   0.15064000
 0.53667000   0.15242000
 0.53000000   0.15417000
 0.52333000   0.15591000
 0.51667000   0.15759000
 0.51000000   0.15925000
 0.50333000   0.16088000
 0.49667000   0.16246000
 0.49000000   0.16401000
 0.48333000   0.16553000
 0.47667000   0.16701000
 0.47000000   0.16844000
 0.46333000   0.16985000
 0.45667000   0.17120000
 0.45000000   0.17253000
 0.44333000   0.17381000
 0.43667000   0.17504000
 0.43000000   0.17624000
 0.42333000   0.17739000
 0.41667000   0.17849000
 0.41000000   0.17957000
 0.40333000   0.18058000
 0.39667000   0.18154000
 0.39000000   0.18246000
 0.38333000   0.18333000
 0.37667000   0.18415000
 0.37000000   0.18491000
 0.36333000   0.18563000
 0.35667000   0.18629000
 0.35000000   0.18690000
 0.34333000   0.18746000
 0.33667000   0.18797000
 0.33000000   0.18842000
 0.32333000   0.18881000
 0.31667000   0.18914000
 0.31000000   0.18940000
 0.30333000   0.18961000
 0.29667000   0.18973000
 0.29000000   0.18979000
 0.28333000   0.18977000
 0.27667000   0.18968000
 0.27000000   0.18950000
 0.26333000   0.18924000
 0.25667000   0.18890000
 0.25000000   0.18845000
 0.24342000   0.18791000
 0.23693000   0.18729000
 0.23053000   0.18657000
 0.22421000   0.18575000
 0.21798000   0.18487000
 0.21184000   0.18388000
 0.20579000   0.18282000
 0.19982000   0.18167000
 0.19395000   0.18046000
 0.18816000   0.17916000
 0.18245000   0.17778000
 0.17684000   0.17634000
 0.17131000   0.17482000
 0.16587000   0.17323000
 0.16052000   0.17158000
 0.15526000   0.16987000
 0.15008000   0.16809000
 0.14499000   0.16625000
 0.13999000   0.16436000
 0.13508000   0.16240000
 0.13026000   0.16038000
 0.12552000   0.15831000
 0.12087000   0.15619000
 0.11631000   0.15402000
 0.11183000   0.15179000
 0.10745000   0.14953000
 0.10315000   0.14722000
 0.09893000   0.14485000
 0.09481000   0.14243000
 0.09077000   0.13998000
 0.08683000   0.13748000
 0.08297000   0.13493000
 0.07919000   0.13234000
 0.07551000   0.12972000
 0.07191000   0.12705000
 0.06840000   0.12435000
 0.06498000   0.12161000
 0.06164000   0.11884000
 0.05840000   0.11603000
 0.05524000   0.11319000
 0.05217000   0.11031000
 0.04918000   0.10740000
 0.04629000   0.10447000
 0.04348000   0.10150000
 0.04076000   0.09851000
 0.03812000   0.09549000
 0.03558000   0.09246000
 0.03312000   0.08940000
 0.03075000   0.08632000
 0.02847000   0.08324000
 0.02627000   0.08013000
 0.02417000   0.07701000
 0.02215000   0.07387000
 0.02022000   0.07070000
 0.01837000   0.06751000
 0.01662000   0.06433000
 0.01495000   0.06111000
 0.01337000   0.05790000
 0.01187000   0.05468000
 0.01047000   0.05148000
 0.00915000   0.04826000
 0.00792000   0.04505000
 0.00678000   0.04181000
 0.00572000   0.03847000
 0.00476000   0.03502000
 0.00388000   0.03133000
 0.00309000   0.02736000
 0.00238000   0.02318000
 0.00177000   0.01920000
 0.00124000   0.01552000
 0.00080000   0.01217000
 0.00044000   0.00892000
 0.00018000   0.00563000
 0.00000000   0.00000000
 0.00018000  -0.00567000
 0.00044000  -0.00905000
 0.00080000  -0.01247000
 0.00124000  -0.01591000
 0.00177000  -0.01956000
 0.00238000  -0.02333000
 0.00309000  -0.02716000
 0.00388000  -0.03085000
 0.00476000  -0.03442000
 0.00572000  -0.03783000
 0.00678000  -0.04120000
 0.00792000  -0.04453000
 0.00915000  -0.04785000
 0.01047000  -0.05117000
 0.01187000  -0.05447000
 0.01337000  -0.05781000
 0.01495000  -0.06113000
 0.01662000  -0.06446000
 0.01837000  -0.06775000
 0.02022000  -0.07107000
 0.02215000  -0.07437000
 0.02417000  -0.07766000
 0.02627000  -0.08092000
 0.02847000  -0.08421000
 0.03075000  -0.08748000
 0.03312000  -0.09076000
 0.03558000  -0.09406000
 0.03812000  -0.09733000
 0.04076000  -0.10064000
 0.04348000  -0.10392000
 0.04629000  -0.10720000
 0.04918000  -0.11047000
 0.05217000  -0.11374000
 0.05524000  -0.11698000
 0.05840000  -0.12023000
 0.06164000  -0.12344000
 0.06498000  -0.12665000
 0.06840000  -0.12982000
 0.07191000  -0.13299000
 0.07551000  -0.13612000
 0.07919000  -0.13922000
 0.08297000  -0.14230000
 0.08683000  -0.14535000
 0.09077000  -0.14835000
 0.09481000  -0.15135000
 0.09893000  -0.15429000
 0.10315000  -0.15720000
 0.10745000  -0.16006000
 0.11183000  -0.16289000
 0.11631000  -0.16567000
 0.12087000  -0.16842000
 0.12552000  -0.17111000
 0.13026000  -0.17376000
 0.13508000  -0.17635000
 0.13999000  -0.17890000
 0.14499000  -0.18137000
 0.15008000  -0.18380000
 0.15526000  -0.18616000
 0.16052000  -0.18847000
 0.16587000  -0.19070000
 0.17131000  -0.19287000
 0.17684000  -0.19496000
 0.18245000  -0.19698000
 0.18816000  -0.19894000
 0.19395000  -0.20080000
 0.19982000  -0.20257000
 0.20579000  -0.20425000
 0.21184000  -0.20584000
 0.21798000  -0.20733000
 0.22421000  -0.20870000
 0.23053000  -0.20996000
 0.23693000  -0.21110000
 0.24342000  -0.21210000
 0.25000000  -0.21297000
 0.25667000  -0.21370000
 0.26333000  -0.21429000
 0.27000000  -0.21472000
 0.27667000  -0.21501000
 0.28333000  -0.21515000
 0.29000000  -0.21516000
 0.29667000  -0.21502000
 0.30333000  -0.21476000
 0.31000000  -0.21437000
 0.31667000  -0.21384000
 0.32333000  -0.21320000
 0.33000000  -0.21243000
 0.33667000  -0.21155000
 0.34333000  -0.21057000
 0.35000000  -0.20948000
 0.35667000  -0.20827000
 0.36333000  -0.20697000
 0.37000000  -0.20556000
 0.37667000  -0.20407000
 0.38333000  -0.20248000
 0.39000000  -0.20081000
 0.39667000  -0.19904000
 0.40333000  -0.19720000
 0.41000000  -0.19527000
 0.41667000  -0.19327000
 0.42333000  -0.19119000
 0.43000000  -0.18905000
 0.43667000  -0.18683000
 0.44333000  -0.18454000
 0.45000000  -0.18219000
 0.45667000  -0.17976000
 0.46333000  -0.17727000
 0.47000000  -0.17473000
 0.47667000  -0.17212000
 0.48333000  -0.16945000
 0.49000000  -0.16673000
 0.49667000  -0.16397000
 0.50333000  -0.16115000
 0.51000000  -0.15828000
 0.51667000  -0.15537000
 0.52333000  -0.15242000
 0.53000000  -0.14942000
 0.53667000  -0.14639000
 0.54333000  -0.14333000
 0.55000000  -0.14024000
 0.55667000  -0.13713000
 0.56333000  -0.13399000
 0.57000000  -0.13083000
 0.57667000  -0.12765000
 0.58333000  -0.12446000
 0.59000000  -0.12125000
 0.59667000  -0.11804000
 0.60333000  -0.11482000
 0.61000000  -0.11160000
 0.61667000  -0.10838000
 0.62333000  -0.10515000
 0.63000000  -0.10192000
 0.63667000  -0.09870000
 0.64333000  -0.09549000
 0.65000000  -0.09228000
 0.65667000  -0.08909000
 0.66333000  -0.08590000
 0.67000000  -0.08274000
 0.67667000  -0.07958000
 0.68333000  -0.07645000
 0.69000000  -0.07333000
 0.69667000  -0.07024000
 0.70333000  -0.06717000
 0.71000000  -0.06413000
 0.71667000  -0.06112000
 0.72333000  -0.05814000
 0.73000000  -0.05519000
 0.73667000  -0.05228000
 0.74333000  -0.04941000
 0.75000000  -0.04658000
 0.75660000  -0.04382000
 0.76314000  -0.04114000
 0.76961000  -0.03853000
 0.77601000  -0.03600000
 0.78235000  -0.03354000
 0.78863000  -0.03116000
 0.79484000  -0.02887000
 0.80098000  -0.02665000
 0.80706000  -0.02452000
 0.81307000  -0.02247000
 0.81902000  -0.02050000
 0.82490000  -0.01862000
 0.83072000  -0.01681000
 0.83647000  -0.01510000
 0.84216000  -0.01346000
 0.84778000  -0.01191000
 0.85333000  -0.01045000
 0.85882000  -0.00907000
 0.86425000  -0.00776000
 0.86961000  -0.00653000
 0.87490000  -0.00539000
 0.88013000  -0.00434000
 0.88529000  -0.00335000
 0.89039000  -0.00245000
 0.89542000  -0.00160000
 0.90039000  -0.00085000
 0.90529000  -0.00015000
 0.91013000   0.00046000
 0.91490000   0.00103000
 0.91961000   0.00151000
 0.92425000   0.00193000
 0.92882000   0.00229000
 0.93333000   0.00258000
 0.93778000   0.00279000
 0.94216000   0.00295000
 0.94647000   0.00303000
 0.95072000   0.00303000
 0.95490000   0.00296000
 0.95902000   0.00282000
 0.96307000   0.00261000
 0.96706000   0.00232000
 0.97098000   0.00194000
 0.97484000   0.00149000
 0.97863000   0.00098000
 0.98235000   0.00040000
 0.98601000  -0.00025000
 0.98961000  -0.00097000
 0.99314000  -0.00176000
 0.99660000  -0.00261000
 1.00000000  -0.00347000
