NACA64_A17_coords
       400   NumCoords         ! Number of coordinates including the reference point.
! x-y coordinate of airfoil reference
0.25        0
! coordinates of airfoil shape
 1.00000000   0.00000000
 0.99000000   0.00338000
 0.98000000   0.00613000
 0.97500000   0.00745000
 0.97000000   0.00877000
 0.96500000   0.01006000
 0.96000000   0.01136000
 0.95500000   0.01264000
 0.95000000   0.01392000
 0.94500000   0.01520000
 0.94000000   0.01648000
 0.93500000   0.01776000
 0.93000000   0.01904000
 0.92500000   0.02032000
 0.92000000   0.02160000
 0.91500000   0.02288000
 0.91000000   0.02416000
 0.90500000   0.02545000
 0.90000000   0.02673000
 0.88750000   0.02995000
 0.87500000   0.03317000
 0.86250000   0.03639000
 0.85000000   0.03960000
 0.83750000   0.04280000
 0.82500000   0.04600000
 0.81250000   0.04917000
 0.80000000   0.05234000
 0.78750000   0.05545000
 0.77500000   0.05857000
 0.76250000   0.06161000
 0.75000000   0.06466000
 0.73750000   0.06761000
 0.72500000   0.07057000
 0.71250000   0.07343000
 0.70000000   0.07629000
 0.68750000   0.07903000
 0.67500000   0.08177000
 0.66250000   0.08439000
 0.65000000   0.08701000
 0.63750000   0.08949000
 0.62500000   0.09197000
 0.61250000   0.09428000
 0.60000000   0.09660000
 0.58750000   0.09874000
 0.57500000   0.10089000
 0.56250000   0.10284000
 0.55000000   0.10480000
 0.53750000   0.10655000
 0.52500000   0.10830000
 0.51250000   0.10983000
 0.50000000   0.11136000
 0.48750000   0.11265000
 0.47500000   0.11394000
 0.46250000   0.11496000
 0.45000000   0.11599000
 0.44500000   0.11632000
 0.44000000   0.11665000
 0.43500000   0.11693000
 0.43000000   0.11721000
 0.42500000   0.11744000
 0.42000000   0.11767000
 0.41500000   0.11783000
 0.41000000   0.11800000
 0.40500000   0.11810000
 0.40000000   0.11820000
 0.39500000   0.11823000
 0.39000000   0.11826000
 0.38500000   0.11821000
 0.38000000   0.11817000
 0.37500000   0.11806000
 0.37000000   0.11795000
 0.36500000   0.11778000
 0.36000000   0.11761000
 0.35500000   0.11738000
 0.35000000   0.11716000
 0.34500000   0.11688000
 0.34000000   0.11660000
 0.33500000   0.11627000
 0.33000000   0.11594000
 0.32500000   0.11556000
 0.32000000   0.11518000
 0.31500000   0.11475000
 0.31000000   0.11432000
 0.30500000   0.11384000
 0.30000000   0.11336000
 0.29500000   0.11282000
 0.29000000   0.11229000
 0.28500000   0.11171000
 0.28000000   0.11113000
 0.27500000   0.11049000
 0.27000000   0.10986000
 0.26500000   0.10918000
 0.26000000   0.10850000
 0.25500000   0.10776000
 0.25000000   0.10703000
 0.24500000   0.10624000
 0.24000000   0.10545000
 0.23500000   0.10461000
 0.23000000   0.10377000
 0.22500000   0.10288000
 0.22000000   0.10199000
 0.21500000   0.10103000
 0.21000000   0.10008000
 0.20500000   0.09908000
 0.20000000   0.09807000
 0.19500000   0.09700000
 0.19000000   0.09593000
 0.18500000   0.09481000
 0.18000000   0.09368000
 0.17500000   0.09248000
 0.17000000   0.09129000
 0.16500000   0.09003000
 0.16000000   0.08877000
 0.15500000   0.08744000
 0.15000000   0.08611000
 0.14500000   0.08470000
 0.14000000   0.08330000
 0.13500000   0.08181000
 0.13000000   0.08033000
 0.12500000   0.07876000
 0.12000000   0.07719000
 0.11500000   0.07552000
 0.11000000   0.07386000
 0.10500000   0.07210000
 0.10000000   0.07033000
 0.09750000   0.06941000
 0.09500000   0.06849000
 0.09250000   0.06754000
 0.09000000   0.06658000
 0.08750000   0.06560000
 0.08500000   0.06462000
 0.08250000   0.06360000
 0.08000000   0.06258000
 0.07750000   0.06153000
 0.07500000   0.06048000
 0.07250000   0.05939000
 0.07000000   0.05830000
 0.06750000   0.05717000
 0.06500000   0.05603000
 0.06250000   0.05485000
 0.06000000   0.05368000
 0.05750000   0.05245000
 0.05500000   0.05122000
 0.05250000   0.04993000
 0.05000000   0.04865000
 0.04750000   0.04730000
 0.04500000   0.04595000
 0.04250000   0.04453000
 0.04000000   0.04311000
 0.03750000   0.04161000
 0.03500000   0.04010000
 0.03250000   0.03850000
 0.03000000   0.03690000
 0.02750000   0.03518000
 0.02500000   0.03345000
 0.02250000   0.03157000
 0.02000000   0.02969000
 0.01875000   0.02868000
 0.01750000   0.02767000
 0.01625000   0.02659000
 0.01500000   0.02551000
 0.01375000   0.02435000
 0.01250000   0.02320000
 0.01125000   0.02194000
 0.01000000   0.02067000
 0.00950000   0.02013000
 0.00900000   0.01959000
 0.00850000   0.01902000
 0.00800000   0.01845000
 0.00750000   0.01784000
 0.00700000   0.01724000
 0.00650000   0.01660000
 0.00600000   0.01596000
 0.00550000   0.01526000
 0.00500000   0.01456000
 0.00450000   0.01380000
 0.00400000   0.01304000
 0.00350000   0.01217000
 0.00300000   0.01130000
 0.00250000   0.01026000
 0.00200000   0.00923000
 0.00187000   0.00893000
 0.00175000   0.00863000
 0.00162000   0.00831000
 0.00150000   0.00800000
 0.00137000   0.00766000
 0.00125000   0.00731000
 0.00112000   0.00693000
 0.00100000   0.00656000
 0.00088000   0.00613000
 0.00075000   0.00570000
 0.00063000   0.00518000
 0.00050000   0.00467000
 0.00040000   0.00419000
 0.00035000   0.00391000
 0.00030000   0.00364000
 0.00020000   0.00297000
 0.00010000   0.00210000
 0.00005000   0.00105000
 0.00000000   0.00000000
 0.00005000  -0.00105000
 0.00010000  -0.00209000
 0.00020000  -0.00295000
 0.00030000  -0.00361000
 0.00035000  -0.00389000
 0.00040000  -0.00417000
 0.00050000  -0.00466000
 0.00063000  -0.00518000
 0.00075000  -0.00570000
 0.00088000  -0.00613000
 0.00100000  -0.00657000
 0.00112000  -0.00696000
 0.00125000  -0.00734000
 0.00137000  -0.00768000
 0.00150000  -0.00803000
 0.00162000  -0.00834000
 0.00175000  -0.00865000
 0.00187000  -0.00894000
 0.00200000  -0.00923000
 0.00250000  -0.01020000
 0.00300000  -0.01118000
 0.00350000  -0.01195000
 0.00400000  -0.01273000
 0.00450000  -0.01338000
 0.00500000  -0.01403000
 0.00550000  -0.01460000
 0.00600000  -0.01516000
 0.00650000  -0.01567000
 0.00700000  -0.01617000
 0.00750000  -0.01664000
 0.00800000  -0.01710000
 0.00850000  -0.01753000
 0.00900000  -0.01795000
 0.00950000  -0.01835000
 0.01000000  -0.01875000
 0.01125000  -0.01964000
 0.01250000  -0.02054000
 0.01375000  -0.02132000
 0.01500000  -0.02211000
 0.01625000  -0.02281000
 0.01750000  -0.02352000
 0.01875000  -0.02416000
 0.02000000  -0.02480000
 0.02250000  -0.02595000
 0.02500000  -0.02709000
 0.02750000  -0.02810000
 0.03000000  -0.02910000
 0.03250000  -0.03000000
 0.03500000  -0.03090000
 0.03750000  -0.03173000
 0.04000000  -0.03255000
 0.04250000  -0.03330000
 0.04500000  -0.03406000
 0.04750000  -0.03477000
 0.05000000  -0.03547000
 0.05250000  -0.03613000
 0.05500000  -0.03679000
 0.05750000  -0.03741000
 0.06000000  -0.03803000
 0.06250000  -0.03862000
 0.06500000  -0.03921000
 0.06750000  -0.03977000
 0.07000000  -0.04032000
 0.07250000  -0.04085000
 0.07500000  -0.04138000
 0.07750000  -0.04188000
 0.08000000  -0.04239000
 0.08250000  -0.04287000
 0.08500000  -0.04335000
 0.08750000  -0.04381000
 0.09000000  -0.04427000
 0.09250000  -0.04471000
 0.09500000  -0.04514000
 0.09750000  -0.04557000
 0.10000000  -0.04599000
 0.10500000  -0.04678000
 0.11000000  -0.04758000
 0.11500000  -0.04831000
 0.12000000  -0.04905000
 0.12500000  -0.04973000
 0.13000000  -0.05042000
 0.13500000  -0.05105000
 0.14000000  -0.05169000
 0.14500000  -0.05228000
 0.15000000  -0.05287000
 0.15500000  -0.05342000
 0.16000000  -0.05397000
 0.16500000  -0.05448000
 0.17000000  -0.05499000
 0.17500000  -0.05546000
 0.18000000  -0.05593000
 0.18500000  -0.05637000
 0.19000000  -0.05681000
 0.19500000  -0.05722000
 0.20000000  -0.05762000
 0.20500000  -0.05799000
 0.21000000  -0.05837000
 0.21500000  -0.05871000
 0.22000000  -0.05905000
 0.22500000  -0.05935000
 0.23000000  -0.05966000
 0.23500000  -0.05994000
 0.24000000  -0.06022000
 0.24500000  -0.06047000
 0.25000000  -0.06072000
 0.25500000  -0.06094000
 0.26000000  -0.06116000
 0.26500000  -0.06135000
 0.27000000  -0.06155000
 0.27500000  -0.06171000
 0.28000000  -0.06187000
 0.28500000  -0.06200000
 0.29000000  -0.06214000
 0.29500000  -0.06224000
 0.30000000  -0.06234000
 0.30500000  -0.06242000
 0.31000000  -0.06249000
 0.31500000  -0.06253000
 0.32000000  -0.06258000
 0.32500000  -0.06259000
 0.33000000  -0.06260000
 0.33500000  -0.06258000
 0.34000000  -0.06256000
 0.34500000  -0.06251000
 0.35000000  -0.06246000
 0.35500000  -0.06237000
 0.36000000  -0.06229000
 0.36500000  -0.06216000
 0.37000000  -0.06204000
 0.37500000  -0.06188000
 0.38000000  -0.06172000
 0.38500000  -0.06151000
 0.39000000  -0.06130000
 0.39500000  -0.06104000
 0.40000000  -0.06078000
 0.40500000  -0.06046000
 0.41000000  -0.06014000
 0.41500000  -0.05976000
 0.42000000  -0.05939000
 0.42500000  -0.05897000
 0.43000000  -0.05854000
 0.43500000  -0.05808000
 0.44000000  -0.05762000
 0.44500000  -0.05713000
 0.45000000  -0.05663000
 0.46250000  -0.05527000
 0.47500000  -0.05390000
 0.48750000  -0.05237000
 0.50000000  -0.05085000
 0.51250000  -0.04920000
 0.52500000  -0.04754000
 0.53750000  -0.04578000
 0.55000000  -0.04401000
 0.56250000  -0.04217000
 0.57500000  -0.04032000
 0.58750000  -0.03840000
 0.60000000  -0.03649000
 0.61250000  -0.03453000
 0.62500000  -0.03256000
 0.63750000  -0.03058000
 0.65000000  -0.02858000
 0.66250000  -0.02659000
 0.67500000  -0.02460000
 0.68750000  -0.02263000
 0.70000000  -0.02066000
 0.71250000  -0.01873000
 0.72500000  -0.01680000
 0.73750000  -0.01492000
 0.75000000  -0.01305000
 0.76250000  -0.01126000
 0.77500000  -0.00947000
 0.78750000  -0.00780000
 0.80000000  -0.00612000
 0.81250000  -0.00459000
 0.82500000  -0.00307000
 0.83750000  -0.00172000
 0.85000000  -0.00038000
 0.86250000   0.00074000
 0.87500000   0.00186000
 0.88750000   0.00270000
 0.90000000   0.00354000
 0.90500000   0.00378000
 0.91000000   0.00402000
 0.91500000   0.00421000
 0.92000000   0.00439000
 0.92500000   0.00450000
 0.93000000   0.00462000
 0.93500000   0.00466000
 0.94000000   0.00470000
 0.94500000   0.00466000
 0.95000000   0.00461000
 0.95500000   0.00448000
 0.96000000   0.00434000
 0.96500000   0.00408000
 0.97000000   0.00383000
 0.97500000   0.00344000
 0.98000000   0.00304000
 0.99000000   0.00191000
 1.00000000   0.00000000
