# frequency_Hz amplitude_m phase_deg direction_deg wavenumber_rad_per_m
0.0678886276456104 0.132582521472478 320.455696781786 0 0.0197751936453762
0.0714947328137173 0.132582521472478 47.0546258599253 0 0.0215596488374175
0.0743514334201314 0.1875 14.3134187409213 0 0.023065746276515
0.0768722732753845 0.1875 297.517007438848 0 0.0244645083270043
0.0787855960278416 0.1875 191.548049963168 0 0.0255703364706192
0.0803737766290833 0.1875 344.271590843423 0 0.0265172946921322
0.0817523374916474 0.1875 166.29347087518 0 0.0273606063781392
0.0829798255908015 0.1875 332.545735872151 0 0.0281281332343426
0.0840898931182464 0.1875 134.611623824948 0 0.0288356627396119
0.0851036997921471 0.1875 55.7904080663074 0 0.0294929122556599
0.086035511632926 0.1875 321.243741593598 0 0.0301062705811271
0.086895830037117 0.1875 9.64430194023772 0 0.030680397987731
0.087692762353729 0.1875 104.940859918254 0 0.0312188879104623
0.0884330749024158 0.1875 143.547852960955 0 0.0317248239094305
0.089122521546705 0.1875 290.623934880722 0 0.0322009075437423
0.0897663033003042 0.1875 225.753956184794 0 0.0326497073248925
0.0903690160617096 0.1875 326.852963085177 0 0.0330735742129319
0.0909348304596328 0.1875 200.303028736725 0 0.0334747276417552
0.0914675638939365 0.1875 302.370931335556 0 0.0338552761413093
0.0919705458771625 0.1875 18.1756644836922 0 0.0342170953308356
0.0924469259032908 0.1875 290.24454423955 0 0.0345620271413007
0.0928994403925372 0.1875 335.093649453084 0 0.0348916952811302
0.0933305251226475 0.1875 131.050650777373 0 0.0352075706991638
0.0937424249197483 0.1875 248.741251676625 0 0.0355110399956431
0.094137085659315 0.1875 46.5532450653315 0 0.0358033163083097
0.0945163050435502 0.1875 299.767103237726 0 0.0360855420518697
0.0948816662181183 0.1875 114.607343393808 0 0.036358733198819
0.0952345770876549 0.1875 265.392812966293 0 0.0366238025097132
0.0955763467378843 0.1875 214.837071635922 0 0.0368816122809602
0.0959081327102535 0.1875 130.934463828227 0 0.0371329310215788
0.0962309879926594 0.1875 286.189403405801 0 0.0373784655174999
0.0965458724300315 0.1875 251.453211793707 0 0.0376188668677592
0.0968536328716194 0.1875 295.87641465602 0 0.0378547129694137
0.0971551130773671 0.1875 323.807721121442 0 0.0380865908619095
0.0974510462133028 0.1875 299.483749460669 0 0.0383150129456376
0.0977420997856815 0.1875 327.584777723405 0 0.0385404498381435
0.098028934252667 0.1875 350.968892326274 0 0.0387633747295002
0.0983121550407507 0.1875 236.203051036853 0 0.0389842254782136
0.0985923327511322 0.1875 292.316242941244 0 0.0392034194594774
0.0988700030344741 0.1875 36.9878350436165 0 0.0394213528018342
0.0991456985921762 0.1875 85.5102448665085 0 0.0396384250059375
0.0994199245920371 0.1875 136.564276576992 0 0.0398550193158029
0.0996931716772802 0.1875 251.724979665984 0 0.0400715125882099
0.0999659205512245 0.1875 174.580289412883 0 0.0402882786785985
0.100238625930509 0.1875 149.480003872612 0 0.0405056754472723
0.100511624493511 0.1875 229.918249261831 0 0.0407239706865365
0.100785220004154 0.1875 273.344398096324 0 0.0409434090436721
0.101059721327597 0.1875 200.708241501212 0 0.0411642422453401
0.101335445312524 0.1875 249.643936328456 0 0.041386731493514
0.101612704790544 0.1875 328.773283954733 0 0.0416111378487261
0.101891825265947 0.1875 8.86061675644525 0 0.0418377357729042
0.102173142253551 0.1875 301.456193891444 0 0.0420668111459318
0.102457002910696 0.1875 137.953884917491 0 0.0422986627668505
0.102743767567436 0.1875 107.557569130822 0 0.0425336038082493
0.103033811140592 0.1875 2.2669535734266 0 0.0427719632119629
0.10332752441648 0.1875 157.520674144399 0 0.0430140870134486
0.103625315186351 0.1875 265.657420916545 0 0.0432603395814936
0.103927647650386 0.1875 135.273760616743 0 0.0435111366909266
0.104234951552223 0.1875 177.569807894876 0 0.0437668706652437
0.104547739083189 0.1875 5.05427436157943 0 0.0440280078345235
0.104866510876221 0.1875 89.7972469074152 0 0.0442950109687592
0.105191851820885 0.1875 124.968686502794 0 0.0445684199942437
0.105524353465299 0.1875 286.807203945849 0 0.0448487878934271
0.105864661091389 0.1875 337.823771142311 0 0.0451367210090586
0.106213476814284 0.1875 36.187945028139 0 0.0454328828219555
0.106571504260331 0.1875 264.744955554496 0 0.0457379480022991
0.106939616236457 0.1875 351.517362847891 0 0.0460527465639705
0.107318634193014 0.1875 254.118872062879 0 0.0463780774588965
0.107709498562395 0.1875 342.635282778731 0 0.0467148554903206
0.108113270389689 0.1875 334.025111605474 0 0.0470641154831824
0.10853099171502 0.1875 147.611136073207 0 0.0474268938162912
0.108963879133817 0.1875 121.714192418929 0 0.0478043983388815
0.109413181741529 0.1875 276.879013294024 0 0.0481978881696328
0.109880286674692 0.1875 120.473361978569 0 0.0486087688793452
0.110366615813343 0.1875 29.7671976828515 0 0.0490385054803089
0.110873755227442 0.1875 323.480958259019 0 0.0494887403669119
0.111403287521537 0.1875 283.440517878204 0 0.0499611492208658
0.11195692802778 0.1875 258.287596536197 0 0.0504575660443251
0.112536415373529 0.1875 159.836469129255 0 0.0509798903256575
0.113143515342763 0.1875 270.321133921257 0 0.0515300944880495
0.11377999186298 0.1875 236.84339859065 0 0.052110201720956
0.114447556306829 0.1875 129.851022826499 0 0.0527222432468161
0.115147830457233 0.1875 136.196271863509 0 0.0533682267130578
0.115882247046258 0.1875 233.86749269895 0 0.0540500451292577
0.116652125663823 0.1875 20.029256709916 0 0.0547695463335755
0.117458452497191 0.1875 28.1733430036142 0 0.0555283251755718
0.118301994472506 0.1875 33.0850768838001 0 0.0563278243346662
0.11918325600007 0.1875 289.837810100821 0 0.057169287856218
0.12010243743673 0.1875 23.5106849098361 0 0.0580537134949776
0.121059585267601 0.1875 80.7549748180098 0 0.0589819886688177
0.122054610265818 0.1875 54.7678117819002 0 0.0599549027496183
0.123087381739852 0.1875 245.012723105368 0 0.0609732349428921
0.124157837972958 0.1875 45.3451965998084 0 0.0620378626630529
0.125266125724554 0.1875 92.6489215395334 0 0.0631499049753121
0.126412651201527 0.1875 157.668349109272 0 0.0643107840656926
0.127598195361578 0.1875 39.4803400635396 0 0.0655223566340628
0.128823955699464 0.1875 113.243774995436 0 0.0667869771251565
0.130091594334267 0.1875 126.263472488499 0 0.0681075719357546
0.131403286690864 0.1875 274.011431160224 0 0.0694877194610302
0.132761712486797 0.1875 35.5864262057881 0 0.0709316743157066
0.134170092783689 0.1875 335.325717569908 0 0.07244444387274
0.135632242601485 0.1875 117.388466435024 0 0.0740318879389019
0.137152544122677 0.1875 153.588835975556 0 0.0757007388861914
0.138736054931259 0.1875 97.4451446978003 0 0.0774587757325146
0.140388559642808 0.1875 283.719517311887 0 0.079314948645738
0.142116673414071 0.1875 163.196627848246 0 0.0812795746138657
0.143927959140273 0.1875 29.9648855552456 0 0.0833645671503336
0.145831121359283 0.1875 25.3356366391259 0 0.0855837783996013
0.147836214682173 0.1875 118.709731510154 0 0.0879533920664117
0.149954933456894 0.1875 69.1578400808812 0 0.0904924553715971
0.152200969131559 0.1875 301.631501274184 0 0.0932235513362025
0.154590483968567 0.1875 22.2067292153067 0 0.096173692312791
0.157142758500782 0.1875 199.524497875026 0 0.0993755399231513
0.159880971502198 0.1875 205.420018145634 0 0.102868948606934
0.162833371613605 0.1875 166.359700320146 0 0.106703230396412
0.166034787652527 0.1875 341.57837608491 0 0.110940192486558
0.169528836553886 0.1875 124.11861562049 0 0.115658590135491
0.173371023797939 0.1875 318.401668040257 0 0.120960551311562
0.177633430890565 0.1875 155.174450745259 0 0.126981407797567
0.182411855776079 0.1875 358.012742580901 0 0.133905018172584
0.187837124872188 0.1875 288.181245758556 0 0.141988638071986
0.194094125174693 0.1875 338.988203347129 0 0.151605693063706
0.201455244580417 0.1875 136.612661160989 0 0.16332320187339
0.210344010607665 0.1875 145.952933329228 0 0.178053711113039
0.221467762733288 0.1875 103.27951579855 0 0.19738391840428
0.236132534670062 0.1875 162.192262061629 0 0.22438942575132
0.251026156288039 0.132582521472478 275.439997182584 0 0.253587990229374
0.264072465560615 0.132582521472478 208.763698277808 0 0.280631856943442
0.278033804518451 0.108253175473055 136.124317067457 0 0.311089916456197
0.292379961722847 0.108253175473055 224.061585211871 0 0.344021780437604
0.31132431283273 0.108253175473055 266.102172240447 0 0.390046877648823
0.324700054113959 0.0321559847142204 328.817847839257 0 0.424282824507652
0.327155102951146 0.0321559847142204 191.557296805535 0 0.430723063305
0.329704992305314 0.0321559847142204 186.415684264642 0 0.437463452039207
0.332356544295156 0.0321559847142204 36.931335987228 0 0.444528078991918
0.335117322043011 0.0321559847142204 43.8011202470321 0 0.451943852234013
0.337995721357086 0.0321559847142204 231.730799508615 0 0.459740892519465
0.341001117863568 0.0321559847142204 160.547202417448 0 0.467953106541714
0.344143987176367 0.0321559847142204 27.4769929526784 0 0.476618725952313
0.34743611124186 0.0321559847142204 54.9249198612458 0 0.485781129374278
0.350890793533648 0.0321559847142204 28.622869651905 0 0.495489751942968
0.35452310652795 0.0321559847142204 316.573690637001 0 0.505801160786573
0.358350252209997 0.0321559847142204 58.1305844455996 0 0.516780548163172
0.362391919942879 0.0321559847142204 332.262216782238 0 0.528503345871584
0.36667082810664 0.0321559847142204 1.2885292023023 0 0.541057533152739
0.371213339490768 0.0321559847142204 288.936690425603 0 0.554546383789878
0.376050264520984 0.0321559847142204 109.271961391073 0 0.569092059991517
0.38121790694994 0.0321559847142204 88.1115248265361 0 0.584840331301981
0.386759420177261 0.0321559847142204 276.55591105191 0 0.601966787263568
0.392726576541327 0.0321559847142204 253.253477427183 0 0.620685089925234
0.399182203155033 0.0321559847142204 319.023456675408 0 0.641258405631551
0.406203463902482 0.0321559847142204 328.73097650925 0 0.6640151288547
0.413886475167251 0.0321559847142204 81.1118249549853 0 0.689371300514181
0.422352868696566 0.0321559847142204 151.73406366799 0 0.717863093300014
0.431759483715299 0.0321559847142204 59.7104097324201 0 0.750195579606007
0.442312966527316 0.0321559847142204 75.9005160199957 0 0.787317802023938
0.454292729558491 0.0321559847142204 302.363381243215 0 0.830543344306481
0.468088566761142 0.0321559847142204 329.562168545952 0 0.881752696044167
0.484265651719112 0.0321559847142204 245.3729277893 0 0.943752384256019
0.503684470545255 0.0321559847142204 147.332473222308 0 1.02095794089748
0.527741850439032 0.0321559847142204 79.966198264849 0 1.1208146537517
0.558913685873467 0.0321559847142204 300.708003492983 0 1.25713007850035
0.602193336249508 0.0321559847142204 279.625280502835 0 1.45936061066481
0.670022384864357 0.0321559847142204 265.444382100616 0 1.80663056736686
0.810234454765441 0.0321559847142204 309.132797666222 0 2.64187426334305
